accelerometer_x,accelerometer_y,accelerometer_z,gyroscope_x,gyroscope_y,gyroscope_z,fall
0.09,-1.0,0.05,-1.34,-1.95,-0.79,1.0
0.09,-1.0,0.05,-1.95,-0.12,-0.43,1.0
0.09,-1.0,0.06,-3.42,-1.59,-2.2,1.0
0.08,-0.99,0.06,-0.49,-2.38,-3.36,1.0
0.08,-1.01,0.07,0.0,-0.43,-2.08,1.0
0.09,-1.03,0.07,-1.22,0.92,0.79,1.0
0.09,-1.02,0.07,-2.14,0.43,0.98,1.0
0.09,-1.01,0.07,-2.56,-0.24,-0.49,1.0
0.1,-0.99,0.06,-2.26,-0.18,-1.59,1.0
0.09,-0.98,0.06,-2.32,-1.83,-0.43,1.0
0.09,-1.0,0.06,-1.89,-2.56,1.34,1.0
0.09,-1.01,0.07,-0.92,-1.77,3.54,1.0
0.08,-0.98,0.06,-1.95,-2.56,1.83,1.0
0.08,-0.98,0.05,-1.77,-4.58,-0.43,1.0
0.08,-1.0,0.05,0.24,-6.53,-4.88,1.0
0.07,-1.03,0.07,2.14,-6.04,-3.48,1.0
0.06,-1.02,0.07,1.28,-4.82,-1.04,1.0
0.06,-0.98,0.04,-1.89,-4.58,-1.22,1.0
0.07,-0.99,0.04,1.28,-2.01,-4.64,1.0
0.08,-1.02,0.07,1.34,0.73,-4.27,1.0
0.07,-1.03,0.07,0.85,-1.59,-1.04,1.0
0.07,-0.99,0.06,-2.2,-0.31,2.08,1.0
0.08,-0.98,0.06,-7.2,-0.24,-0.92,1.0
0.12,-0.95,0.05,-2.69,-0.79,-2.08,1.0
0.16,-0.81,0.03,-5.55,-7.51,-2.56,1.0
0.36,-0.48,-0.37,-39.06,-23.32,20.2,1.0
-0.19,-0.53,-0.12,-450.74,-71.96,44.92,1.0
-0.09,-0.04,-0.53,-1146.85,-134.52,-70.3,1.0
-0.09,0.28,-0.69,-1622.92,-225.4,-116.5,1.0
-0.2,0.38,-0.49,-1493.9,-274.66,-59.75,1.0
-0.33,0.34,-0.29,-859.19,-240.42,-7.63,1.0
-0.38,0.06,-0.16,-416.08,-136.96,24.6,1.0
-0.72,-0.11,-0.21,-165.83,-14.71,148.32,1.0
-1.17,0.01,-0.26,-331.6,134.03,480.77,1.0
-1.87,0.13,-0.18,-190.98,273.19,656.62,1.0
-1.87,0.03,-0.07,287.11,90.45,488.59,1.0
-1.54,0.01,-0.25,613.16,-140.69,187.99,1.0
-2.37,-0.13,-0.31,1060.61,-268.19,74.22,1.0
-2.76,-0.49,-0.07,1270.32,247.86,20.51,1.0
-2.99,-0.47,0.17,853.45,-26.25,-21.0,1.0
-1.19,-0.84,0.64,192.08,-208.37,-127.93,1.0
-0.79,-0.33,0.93,-250.43,-216.06,-248.96,1.0
-1.21,-0.42,0.33,71.96,-348.63,-314.82,1.0
-1.13,-0.25,0.18,-225.22,-156.31,-171.08,1.0
-0.94,-0.05,0.03,-559.57,-37.23,-20.32,1.0
-2.01,0.74,1.96,-520.63,-10.31,-44.07,1.0
-0.05,-0.84,1.17,1638.85,696.17,-126.59,1.0
-0.35,-0.56,-0.49,-802.06,-201.42,-4.15,1.0
-0.91,-0.13,-0.71,-1521.67,-259.52,-73.9,1.0
-1.33,0.16,-0.53,-1606.32,-258.73,54.2,1.0
-1.39,0.38,-0.07,-937.5,-39.18,73.12,1.0
-0.85,0.18,-0.25,236.15,150.33,38.7,1.0
-0.89,0.02,-0.34,871.52,151.86,-144.17,1.0
-1.07,-0.35,-0.29,1065.12,145.51,-187.07,1.0
-0.99,-0.43,-0.06,781.19,97.72,-69.82,1.0
-0.9,-0.3,-0.06,-107.18,8.85,91.19,1.0
-1.05,-0.01,-0.1,-439.15,-3.3,116.76,1.0
-0.96,0.03,-0.09,-291.69,40.1,39.67,1.0
-0.99,-0.1,-0.07,-102.48,64.27,-39.73,1.0
-1.0,-0.17,-0.07,14.65,95.52,-58.78,1.0
-1.05,-0.16,-0.07,-47.55,103.09,41.99,1.0
-1.07,-0.09,-0.08,-71.9,107.85,96.44,1.0
-1.1,-0.02,-0.07,-9.7,98.63,100.1,1.0
-1.01,-0.13,-0.07,188.72,49.44,25.27,1.0
-0.93,-0.24,-0.05,194.89,20.69,-14.22,1.0
-1.05,-0.23,-0.04,-36.87,10.86,26.43,1.0
-1.0,-0.15,-0.08,-244.63,34.67,65.19,1.0
-0.94,0.03,-0.09,-203.92,31.86,117.98,1.0
-0.98,-0.04,-0.08,-8.79,61.16,44.86,1.0
-1.0,-0.2,-0.07,199.83,53.96,-29.66,1.0
-1.0,-0.22,-0.05,108.46,2.93,18.8,1.0
-0.96,-0.18,-0.06,-8.97,-14.1,38.88,1.0
-0.95,-0.07,-0.07,-131.65,-36.93,69.95,1.0
-0.94,-0.02,-0.07,-64.33,-33.51,62.93,1.0
-0.96,-0.17,0.08,5.98,4.09,-4.52,1.0
-0.97,-0.18,0.08,2.87,2.32,-4.09,1.0
-0.97,-0.16,0.08,-9.28,-2.01,1.16,1.0
-0.95,-0.16,0.09,1.22,-2.69,2.62,1.0
-0.97,-0.18,0.1,5.74,-2.93,1.65,1.0
-0.97,-0.16,0.1,-10.01,-4.39,6.71,1.0
-0.94,-0.15,0.1,-4.27,-4.09,7.45,1.0
-0.94,-0.16,0.1,5.49,-2.26,4.94,1.0
-0.96,-0.16,0.1,-11.6,-1.4,4.52,1.0
-0.96,-0.15,0.1,-9.52,1.16,5.98,1.0
-0.91,-0.15,0.1,4.64,3.17,6.04,1.0
-0.93,-0.16,0.1,5.62,4.46,1.28,1.0
-0.96,-0.16,0.09,-7.63,4.7,0.12,1.0
-0.96,-0.16,0.09,-8.61,4.03,0.43,1.0
-0.94,-0.16,0.09,0.49,4.58,0.98,1.0
-0.91,-0.16,0.09,5.19,2.2,0.67,1.0
-0.88,-0.15,0.09,-3.11,0.06,-0.24,1.0
-0.87,-0.15,0.08,-2.81,0.85,-3.66,1.0
-0.85,-0.15,0.07,-0.49,0.0,-5.25,1.0
-0.79,-0.14,0.06,0.37,-3.17,-5.07,1.0
-0.62,-0.11,0.05,5.49,-6.41,-0.31,1.0
-0.34,-0.08,0.04,16.36,-20.75,8.73,1.0
-0.18,-0.05,0.03,15.01,-35.1,15.01,1.0
-0.04,-0.02,0.0,4.09,-36.99,12.39,1.0
-0.03,0.01,-0.03,14.77,-12.39,2.87,1.0
-0.12,-0.01,-0.05,52.49,6.65,-15.69,1.0
-0.22,-0.06,-0.08,107.79,12.27,-34.36,1.0
-0.23,-0.06,-0.09,124.51,0.73,-19.23,1.0
-0.18,-0.04,-0.1,127.5,-26.86,-4.82,1.0
-0.2,-0.01,-0.11,127.99,-27.53,12.27,1.0
-0.54,-0.14,-0.12,137.39,51.09,-47.24,1.0
-1.17,-0.29,-0.1,75.56,132.57,-70.92,1.0
-2.29,-0.38,-0.02,-56.09,250.24,-119.51,1.0
-2.51,-0.28,0.2,-206.36,353.82,-76.35,1.0
-2.17,-0.29,0.16,-198.12,-15.99,36.56,1.0
-2.55,-0.25,0.08,-278.87,-182.19,227.36,1.0
-2.99,-0.16,0.17,-338.2,163.27,180.97,1.0
-1.49,-0.07,0.07,-89.66,337.89,-66.35,1.0
-0.99,-0.41,-0.03,272.03,-200.5,-134.7,1.0
-1.94,-0.45,0.08,-125.43,-634.46,-13.18,1.0
-1.14,-0.08,-0.16,-436.1,-507.02,308.9,1.0
-0.68,0.2,-0.09,-386.9,7.93,334.11,1.0
-1.08,-0.07,-0.05,73.73,-100.65,96.37,1.0
-0.94,-0.33,-0.03,348.63,-85.69,-16.11,1.0
-1.04,-0.34,-0.02,11.96,-108.76,-33.69,1.0
-1.05,-0.17,-0.06,-233.03,-89.11,0.24,1.0
-1.15,-0.39,0.19,-302.49,-131.59,79.65,1.0
-0.68,0.06,0.46,-730.35,158.39,32.59,1.0
-1.01,0.16,-0.03,-462.04,-158.51,115.17,1.0
-1.39,-0.09,0.04,91.86,-231.63,4.03,1.0
-0.71,-0.27,-0.04,347.66,103.64,-63.84,1.0
-0.97,-0.26,0.01,210.88,-66.71,17.27,1.0
-0.96,-0.12,-0.01,42.42,32.41,118.41,1.0
-0.97,-0.13,-0.02,91.67,91.98,-15.87,1.0
-0.97,-0.23,-0.02,110.66,102.23,-53.16,1.0
-1.01,-0.22,-0.02,41.99,102.23,-39.73,1.0
-1.08,-0.21,-0.02,-81.54,86.18,-37.9,1.0
-1.06,-0.18,-0.02,-146.73,56.09,-43.46,1.0
-1.04,-0.14,-0.02,-140.99,32.04,-32.41,1.0
-0.95,-0.04,0.18,6.23,3.11,4.39,1.0
-0.96,-0.04,0.18,-3.91,-0.06,3.11,1.0
-0.97,-0.02,0.18,-12.63,2.5,-0.43,1.0
-0.95,-0.04,0.18,5.68,4.58,-2.5,1.0
-0.94,-0.05,0.18,8.97,0.06,-2.99,1.0
-0.94,-0.03,0.18,-26.98,-0.43,-3.42,1.0
-0.98,-0.04,0.17,-11.78,2.69,-5.98,1.0
-0.94,-0.06,0.17,6.65,2.32,-6.41,1.0
-0.93,-0.06,0.17,-3.36,0.49,-8.54,1.0
-0.95,-0.05,0.17,-18.01,-2.75,-5.74,1.0
-0.93,-0.05,0.17,-6.84,-3.78,-3.54,1.0
-0.89,-0.06,0.17,3.42,-3.85,-0.85,1.0
-0.94,-0.06,0.17,-8.48,-7.26,6.35,1.0
-0.99,-0.06,0.18,-8.54,-11.84,16.91,1.0
-1.0,-0.04,0.19,-4.64,-13.18,23.32,1.0
-0.98,-0.03,0.2,-2.62,-5.0,17.4,1.0
-0.97,-0.03,0.19,-2.93,3.78,8.3,1.0
-0.95,-0.03,0.19,-7.02,8.42,1.22,1.0
-0.92,-0.02,0.18,-8.12,12.88,-5.19,1.0
-0.9,-0.04,0.17,-2.69,15.62,-8.91,1.0
-0.93,-0.06,0.16,-5.74,13.67,-8.48,1.0
-0.96,-0.06,0.16,-16.6,5.8,-2.5,1.0
-0.97,-0.07,0.16,-9.83,2.75,0.12,1.0
-1.01,-0.08,0.16,-2.14,0.92,1.59,1.0
-0.98,-0.06,0.17,-2.81,-6.04,6.35,1.0
-0.94,-0.04,0.17,0.73,-6.9,4.94,1.0
-0.94,-0.05,0.18,6.16,-3.3,0.12,1.0
-0.96,-0.05,0.18,0.73,-2.75,-2.62,1.0
-0.97,-0.05,0.18,-4.58,-5.55,-2.14,1.0
-0.94,-0.04,0.19,-0.49,-5.92,-1.46,1.0
-0.93,-0.04,0.19,7.75,-4.58,-2.08,1.0
-0.98,-0.05,0.19,-0.98,-1.46,-5.0,1.0
-0.97,-0.04,0.19,-7.87,-2.14,-4.58,1.0
-0.94,-0.03,0.19,-0.92,-0.06,-5.07,1.0
-0.94,-0.05,0.19,2.26,3.23,-6.29,1.0
-0.88,-0.03,0.18,-4.15,2.93,-4.09,1.0
-0.88,-0.04,0.17,-2.14,5.92,-3.54,1.0
-0.93,-0.06,0.17,-2.5,7.32,-1.65,1.0
-0.87,-0.04,0.17,-6.77,1.53,8.54,1.0
-0.81,-0.04,0.17,7.57,-1.28,15.93,1.0
-0.79,-0.04,0.16,10.62,1.34,18.01,1.0
-0.71,-0.03,0.15,3.42,0.37,28.56,1.0
-0.51,-0.0,0.13,10.44,0.92,37.72,1.0
-0.28,0.02,0.1,30.15,7.63,51.57,1.0
-0.19,0.01,0.08,53.28,21.36,52.12,1.0
-0.28,-0.05,0.05,55.73,23.74,48.89,1.0
-0.24,-0.01,0.02,44.68,23.56,57.07,1.0
-0.08,0.03,0.0,111.63,14.83,73.18,1.0
0.06,-0.01,-0.03,210.21,9.16,68.6,1.0
0.05,-0.03,-0.06,214.9,11.11,67.08,1.0
-0.05,-0.04,-0.09,212.71,18.62,83.07,1.0
-0.32,-0.15,-0.09,260.62,20.51,24.96,1.0
-0.84,-0.3,-0.05,241.7,4.27,-192.75,1.0
-1.25,-0.5,-0.02,91.67,-48.52,-192.93,1.0
-1.42,-0.41,-0.0,-137.15,29.97,-155.64,1.0
-1.32,-0.15,-0.01,-243.1,-46.14,95.34,1.0
-2.03,-0.39,-0.0,82.09,-30.15,2.62,1.0
-1.94,-0.3,0.07,240.84,252.08,-320.37,1.0
-2.11,-0.35,0.17,343.69,117.07,-123.54,1.0
-2.59,-0.66,0.22,101.62,-214.72,19.1,1.0
-2.51,-0.5,0.04,-364.99,-172.24,-0.55,1.0
-2.52,-0.21,0.06,-843.63,-78.12,38.88,1.0
-2.33,-0.08,0.1,-630.0,-55.48,134.46,1.0
-1.82,0.08,0.12,-96.07,78.37,119.93,1.0
-1.39,-0.05,-0.05,593.2,99.3,78.19,1.0
-0.96,-0.33,-0.1,790.22,78.31,51.57,1.0
-0.86,-0.41,-0.01,520.94,27.28,32.1,1.0
-0.75,-0.26,-0.04,-27.53,53.22,33.87,1.0
-0.56,-0.06,-0.07,-344.79,1.59,0.24,1.0
-0.48,-0.05,-0.06,-223.88,-18.74,-44.68,1.0
-0.48,-0.12,-0.05,-71.04,15.87,-92.53,1.0
-0.5,-0.15,-0.06,-16.78,63.23,-89.54,1.0
-0.55,-0.15,-0.07,-8.36,70.92,-67.87,1.0
-0.74,-0.22,-0.06,17.88,48.77,-74.52,1.0
-0.87,-0.24,-0.04,-15.93,28.02,-54.87,1.0
-0.91,-0.19,-0.04,-35.83,20.45,-26.79,1.0
-0.9,-0.19,-0.03,10.07,-24.11,-4.33,1.0
-0.93,-0.24,-0.01,29.11,-49.8,2.01,1.0
-0.91,-0.2,-0.01,-16.24,-48.28,20.63,1.0
-0.85,-0.17,-0.01,-14.53,-50.48,26.18,1.0
-0.79,-0.19,-0.01,13.12,-64.33,20.81,1.0
-0.8,-0.2,-0.01,3.66,-70.68,20.26,1.0
-0.86,-0.18,-0.0,-16.36,-56.34,21.12,1.0
-0.9,-0.18,-0.0,7.93,-47.91,20.69,1.0
-0.97,-0.23,0.01,67.02,-49.26,15.75,1.0
-1.07,-0.25,0.01,53.16,-41.87,8.97,1.0
-1.12,-0.24,0.02,23.13,-35.16,13.31,1.0
-1.13,-0.24,0.02,13.67,-32.29,17.52,1.0
-1.02,-0.23,0.02,11.6,-34.61,24.05,1.0
-0.94,-0.21,0.01,-10.86,-29.91,32.35,1.0
-0.88,-0.18,0.01,-16.3,-10.19,20.02,1.0
-0.88,-0.19,0.0,-9.28,5.43,8.97,1.0
-0.92,-0.19,-0.0,-2.56,23.74,2.01,1.0
-0.96,-0.2,-0.01,22.52,43.76,1.59,1.0
-0.93,-0.23,-0.01,31.13,38.88,1.95,1.0
-0.91,-0.21,-0.01,-14.89,31.8,2.5,1.0
-0.93,-0.2,-0.02,-31.31,31.8,-5.0,1.0
-0.96,-0.2,-0.02,-26.67,36.19,-10.5,1.0
-0.98,-0.21,-0.02,-13.55,37.05,-11.66,1.0
-1.0,-0.23,-0.02,-2.75,33.02,-12.08,1.0
-1.03,-0.23,-0.01,-16.24,28.81,-10.44,1.0
-1.02,-0.21,-0.01,-16.24,24.23,-0.98,1.0
-0.99,-0.22,-0.01,4.82,13.67,1.65,1.0
-0.97,-0.1,0.17,-8.48,2.2,-7.32,1.0
-1.0,-0.11,0.17,-6.71,2.2,-6.65,1.0
-0.95,-0.09,0.16,-1.71,1.04,-0.37,1.0
-0.94,-0.09,0.17,2.2,-1.04,-0.55,1.0
-0.97,-0.09,0.17,-7.14,-3.78,0.67,1.0
-0.94,-0.07,0.17,-8.61,-4.33,4.94,1.0
-0.92,-0.07,0.18,2.93,-4.15,5.92,1.0
-0.92,-0.07,0.18,-8.42,-8.85,9.03,1.0
-0.9,-0.05,0.18,-15.08,-6.1,10.13,1.0
-0.85,-0.06,0.17,0.06,-2.44,8.42,1.0
-0.78,-0.05,0.16,-2.08,0.79,4.94,1.0
-0.69,-0.04,0.14,-1.4,2.81,5.0,1.0
-0.43,-0.02,0.1,11.17,1.16,6.77,1.0
-0.29,-0.01,0.08,15.26,-8.42,11.23,1.0
-0.13,0.0,0.06,10.86,-34.3,25.39,1.0
-0.38,-0.08,0.06,-37.48,-17.46,12.45,1.0
-0.74,-0.15,0.09,-48.16,-17.4,-0.24,1.0
-0.72,-0.13,0.09,-50.11,-24.05,28.56,1.0
-0.58,-0.13,0.06,-7.2,20.63,27.71,1.0
-1.26,-0.31,0.15,14.59,56.46,-29.85,1.0
-1.84,-0.28,0.25,-44.98,25.09,-65.73,1.0
-1.61,-0.19,0.22,-80.08,-33.51,78.74,1.0
-1.64,-0.18,0.25,-25.02,-19.53,76.84,1.0
-1.5,-0.2,0.24,44.31,-22.77,39.79,1.0
-1.71,-0.23,0.24,-8.12,-17.58,-0.06,1.0
-1.87,-0.23,0.24,-88.2,-13.61,-39.43,1.0
-1.88,-0.18,0.24,-58.04,9.09,-51.27,1.0
-1.4,-0.18,0.18,48.28,32.84,-44.37,1.0
-1.11,-0.17,0.14,51.64,51.94,-53.1,1.0
-1.1,-0.14,0.12,-13.55,54.44,-60.73,1.0
-1.14,-0.14,0.13,-4.39,35.28,-58.47,1.0
-0.87,-0.1,0.11,29.54,18.37,-30.64,1.0
-0.84,-0.09,0.11,28.2,14.4,-24.23,1.0
-0.82,-0.06,0.11,4.09,1.59,-15.75,1.0
-0.78,-0.04,0.11,9.95,-13.55,0.85,1.0
-0.77,-0.04,0.13,18.86,-22.28,2.14,1.0
-0.95,-0.03,0.23,-35.03,-13.24,-48.46,1.0
-0.97,-0.03,0.23,-18.37,-0.37,-25.39,1.0
-0.98,-0.03,0.23,6.23,10.8,0.49,1.0
-0.97,-0.01,0.22,17.46,23.13,22.71,1.0
-0.96,0.02,0.22,23.74,29.91,32.59,1.0
-0.95,0.03,0.22,33.94,30.46,40.04,1.0
-0.97,0.03,0.22,22.89,26.18,37.35,1.0
-1.01,0.05,0.22,2.75,21.79,27.4,1.0
-1.0,0.06,0.22,3.6,18.25,14.04,1.0
-1.01,0.04,0.23,8.06,12.88,1.34,1.0
-0.98,0.04,0.23,-9.16,-12.39,-6.29,1.0
-1.01,0.05,0.24,-33.02,-24.54,-16.66,1.0
-0.97,0.05,0.25,-25.94,-29.79,-22.03,1.0
-0.93,0.03,0.25,-21.18,-37.6,-30.09,1.0
-0.95,0.02,0.26,-32.65,-38.45,-30.76,1.0
-0.96,0.02,0.26,-37.17,-38.7,-25.57,1.0
-0.91,0.03,0.26,-31.8,-32.71,-19.78,1.0
-0.88,0.04,0.25,-17.82,-12.02,-16.42,1.0
-0.93,0.01,0.25,-10.93,4.52,-17.7,1.0
-0.93,0.01,0.23,-13.0,18.19,-5.86,1.0
-0.94,0.02,0.22,-9.77,30.46,7.39,1.0
-0.96,0.04,0.21,1.1,41.44,13.61,1.0
-0.91,0.05,0.2,18.07,52.73,23.68,1.0
-0.88,0.05,0.19,22.83,52.31,26.86,1.0
-0.91,0.06,0.19,5.74,36.19,27.16,1.0
-0.95,0.07,0.19,-9.4,16.17,26.25,1.0
-0.96,0.08,0.21,-7.87,0.67,24.54,1.0
-0.93,0.08,0.21,-7.75,-14.4,21.61,1.0
-0.93,0.09,0.21,-20.81,-26.12,6.84,1.0
-0.97,0.07,0.23,-28.56,-28.32,-11.47,1.0
-0.98,0.05,0.23,-28.32,-28.99,-21.06,1.0
-0.97,0.04,0.23,-24.41,-25.51,-25.33,1.0
-0.95,0.03,0.23,-21.0,-26.18,-22.64,1.0
-0.92,0.04,0.22,-22.22,-20.87,-18.98,1.0
-0.93,0.03,0.22,-9.64,-8.24,-17.15,1.0
-0.95,0.02,0.22,-5.68,-5.98,-8.24,1.0
-0.94,0.06,0.22,-12.02,-2.44,3.11,1.0
-0.91,0.07,0.21,7.51,7.93,11.17,1.0
-0.9,0.06,0.21,17.03,13.73,10.31,1.0
-0.92,0.07,0.2,0.98,11.23,11.66,1.0
-0.93,0.08,0.2,-15.69,9.46,12.76,1.0
-0.95,0.07,0.19,-1.16,17.15,7.14,1.0
-0.96,0.06,0.19,6.65,18.62,5.19,1.0
-0.94,0.06,0.18,-2.5,7.39,9.52,1.0
-0.95,0.07,0.18,-10.25,3.17,8.3,1.0
-0.95,0.08,0.19,-6.65,-7.14,5.68,1.0
-0.94,0.08,0.19,-8.48,-11.78,3.11,1.0
-0.92,0.09,0.2,-15.5,-13.73,-4.46,1.0
-0.91,0.08,0.2,-15.99,-17.15,-12.82,1.0
-0.91,0.06,0.19,-21.3,-16.72,-16.24,1.0
-0.91,0.06,0.19,-22.4,-9.58,-18.13,1.0
-0.91,0.04,0.18,-9.34,-5.07,-14.4,1.0
-0.91,0.03,0.18,-9.22,-4.7,-4.03,1.0
-0.9,0.06,0.17,-9.64,-0.98,3.6,1.0
-0.92,0.04,0.17,8.06,6.35,8.18,1.0
-0.94,0.07,0.17,-5.25,-7.02,25.02,1.0
-0.89,0.07,0.17,15.01,6.04,12.57,1.0
-0.92,0.05,0.17,-8.12,-0.85,8.85,1.0
-0.89,0.06,0.16,-20.81,-8.3,10.62,1.0
-0.89,0.05,0.16,-15.26,-9.03,4.15,1.0
-0.85,0.04,0.16,-13.73,-13.24,8.12,1.0
-0.79,0.07,0.16,-22.03,-16.48,15.14,1.0
-0.59,0.01,0.15,-20.45,-14.22,11.35,1.0
-0.49,0.02,0.12,-86.36,-18.98,19.23,1.0
-0.07,0.13,0.07,-62.74,-15.5,41.5,1.0
0.12,0.11,0.04,19.53,-26.86,38.15,1.0
-0.09,0.04,0.03,50.05,-21.55,10.99,1.0
-0.47,-0.05,0.04,58.23,-3.6,-9.03,1.0
-0.52,-0.02,0.01,68.18,41.32,4.33,1.0
-0.43,-0.04,-0.01,155.46,126.1,9.52,1.0
-0.48,-0.17,0.05,209.59,75.81,-10.56,1.0
-0.89,-0.41,0.1,105.04,-73.3,-43.4,1.0
-1.04,-0.46,-0.05,-264.65,-164.55,-37.96,1.0
-1.24,-0.29,-0.08,-512.51,-141.17,-54.93,1.0
-1.87,-0.29,0.15,-456.42,-12.82,14.22,1.0
-2.75,-0.33,0.31,-263.24,-43.7,19.84,1.0
-2.21,-0.19,0.18,-61.52,88.93,226.38,1.0
-1.85,-0.19,0.15,165.28,196.96,244.87,1.0
-1.81,-0.41,0.14,524.17,138.18,91.19,1.0
-1.29,-0.41,0.08,522.03,86.3,118.59,1.0
-0.95,-0.31,0.05,221.37,7.87,202.88,1.0
-1.33,-0.21,0.13,-17.58,-33.94,23.5,1.0
-1.21,-0.2,0.12,34.36,-27.16,19.04,1.0
-1.09,-0.28,0.11,96.62,-12.15,-35.77,1.0
-1.21,-0.31,0.13,-57.13,-25.21,-62.62,1.0
-0.94,-0.15,0.07,-130.74,-20.08,-35.89,1.0
-0.81,-0.14,0.05,-47.24,-0.37,-72.51,1.0
-0.9,-0.28,0.07,7.2,-4.39,-134.09,1.0
-0.85,-0.24,0.05,-57.01,2.32,-119.57,1.0
-0.87,-0.23,0.05,-85.45,-10.68,-112.98,1.0
-0.95,-0.25,0.07,-59.39,-6.16,-121.7,1.0
-0.9,-0.25,0.06,-31.92,-10.19,-93.69,1.0
-0.8,-0.25,0.03,-31.43,-6.9,-72.08,1.0
-0.91,-0.27,0.05,-52.06,-5.37,-69.15,1.0
-1.08,-0.24,0.08,-47.85,8.73,-45.04,1.0
-1.02,-0.24,0.07,19.41,19.84,3.3,1.0
-0.91,-0.22,0.06,46.39,25.51,28.26,1.0
-0.89,-0.21,0.06,51.51,35.46,42.72,1.0
-0.96,-0.21,0.07,50.54,42.36,51.51,1.0
-1.0,-0.22,0.09,51.03,37.29,59.51,1.0
-0.92,-0.18,0.08,36.07,19.9,79.22,1.0
-0.86,-0.16,0.07,27.53,18.98,83.5,1.0
-0.9,-0.18,0.08,37.23,18.49,59.2,1.0
-0.94,-0.19,0.09,25.02,10.86,50.72,1.0
-0.87,-0.16,0.08,11.72,4.52,51.82,1.0
-0.86,-0.16,0.08,7.08,1.34,33.14,1.0
-0.95,-0.2,0.09,1.04,-1.34,-1.1,1.0
-0.96,-0.2,0.08,-12.27,2.44,-9.64,1.0
-0.95,-0.2,0.07,-1.89,16.11,-22.89,1.0
-0.96,-0.23,0.07,13.98,15.14,-33.57,1.0
-0.97,-0.25,0.07,7.14,0.67,-37.05,1.0
-0.95,-0.23,0.07,-24.84,-20.69,-30.58,1.0
-0.97,-0.23,0.08,-29.85,-37.41,-31.31,1.0
-1.01,-0.25,0.09,-22.58,-47.0,-35.16,1.0
-1.0,-0.23,0.1,-31.13,-47.3,-22.95,1.0
-0.91,0.14,0.27,-5.49,-0.37,-10.31,1.0
-0.88,0.13,0.27,-4.21,-3.72,-5.37,1.0
-0.88,0.14,0.28,-11.54,-9.16,-0.49,1.0
-0.92,0.14,0.29,-14.16,-12.63,1.89,1.0
-0.93,0.16,0.29,-11.96,-5.92,4.15,1.0
-0.91,0.15,0.28,4.15,6.1,4.33,1.0
-0.83,0.13,0.26,16.6,18.01,3.17,1.0
-0.82,0.11,0.25,-4.15,9.16,1.77,1.0
-0.8,0.13,0.23,-15.87,-0.92,3.78,1.0
-0.72,0.14,0.21,4.82,7.2,12.76,1.0
-0.47,0.16,0.19,25.51,12.27,30.64,1.0
-0.2,0.12,0.15,59.94,-11.05,31.25,1.0
-0.12,0.11,0.11,33.75,-82.58,12.51,1.0
-0.11,0.08,0.05,42.91,-124.76,-14.16,1.0
0.01,0.05,-0.02,70.25,-128.85,-30.58,1.0
-0.0,-0.05,-0.05,93.38,-111.21,-34.55,1.0
-0.12,-0.07,-0.07,7.39,-43.58,-29.48,1.0
-0.06,0.02,-0.07,-17.27,67.69,146.67,1.0
-0.96,-0.64,0.01,84.72,-50.11,33.14,1.0
-1.52,-0.81,-0.02,-163.15,-115.42,-121.7,1.0
-2.07,-0.38,-0.1,-770.14,-97.29,-104.43,1.0
-1.63,-0.02,-0.01,-905.33,60.12,199.95,1.0
-1.05,0.11,0.05,-298.65,155.4,333.8,1.0
-1.59,-0.31,0.12,312.13,114.07,140.44,1.0
-1.94,-0.69,0.13,682.74,72.27,19.65,1.0
-3.97,-0.69,0.58,310.49,124.51,4.88,1.0
-3.17,-0.09,0.52,25.94,151.67,-40.47,1.0
-1.23,-0.33,0.05,217.22,110.6,492.68,1.0
-1.15,-0.18,0.09,201.29,184.69,242.92,1.0
-1.31,-0.4,0.12,343.32,57.13,31.37,1.0
-0.91,-0.36,0.07,172.73,-0.06,104.37,1.0
-0.93,-0.29,0.07,-32.78,-15.14,77.82,1.0
-1.37,-0.31,0.14,-160.4,-63.42,-56.21,1.0
-1.43,-0.29,0.16,-140.99,-67.69,-105.04,1.0
-1.06,-0.26,0.11,-93.69,-64.7,-94.85,1.0
-0.9,-0.28,0.08,-89.84,-101.81,-142.82,1.0
-1.16,-0.3,0.12,-139.71,-69.95,-234.86,1.0
-1.55,-0.37,0.2,-124.33,-87.46,-293.52,1.0
-1.56,-0.36,0.19,-118.47,-127.26,-284.67,1.0
-1.26,-0.2,0.14,-153.69,-88.56,-129.27,1.0
-1.18,-0.16,0.14,-14.04,-13.0,-151.79,1.0
-1.05,-0.22,0.1,184.2,55.73,-164.0,1.0
-0.98,-0.3,0.09,211.24,106.81,-143.68,1.0
-1.09,-0.33,0.11,112.06,130.62,-139.65,1.0
-1.31,-0.26,0.14,-3.11,117.13,-24.11,1.0
-1.01,-0.17,0.11,26.0,140.26,32.53,1.0
-0.76,-0.17,0.08,108.09,123.6,81.42,1.0
-0.64,-0.21,0.06,104.86,90.88,101.07,1.0
-0.48,-0.16,0.04,0.12,72.69,92.77,1.0
-0.39,-0.11,0.03,-54.87,48.65,115.54,1.0
-0.61,-0.18,0.06,-74.46,8.0,63.35,1.0
-0.83,-0.24,0.09,-78.55,-35.95,37.35,1.0
-0.77,-0.18,0.08,-109.19,-41.93,118.04,1.0
-0.52,-0.1,0.06,-60.97,-49.38,173.34,1.0
-0.18,-0.07,0.02,8.97,-62.62,169.56,1.0
-0.11,-0.11,0.01,14.4,-109.92,191.35,1.0
-0.28,-0.15,0.03,-78.25,-128.05,151.18,1.0
-0.63,-0.18,0.06,-189.51,-92.35,143.86,1.0
-0.93,-0.19,0.11,-130.86,-45.72,93.87,1.0
-1.0,-0.24,0.12,-32.59,-77.94,110.72,1.0
-0.94,-0.25,0.11,38.09,-75.87,120.79,1.0
-0.93,-0.26,0.12,53.47,-83.25,95.28,1.0
-1.02,-0.28,0.14,31.74,-86.36,52.67,1.0
-1.37,-0.32,0.17,0.43,-61.83,-12.76,1.0
-1.72,-0.27,0.22,22.03,2.69,-66.53,1.0
-1.64,-0.26,0.22,99.24,58.17,-39.49,1.0
-1.19,-0.33,0.16,216.0,52.43,8.42,1.0
-1.14,-0.35,0.14,74.65,72.39,-32.1,1.0
-1.28,-0.33,0.14,-137.7,121.64,-129.27,1.0
-1.35,-0.27,0.13,-183.41,127.5,-166.5,1.0
-1.28,-0.26,0.12,-105.41,108.52,-181.7,1.0
-1.21,-0.31,0.11,-22.4,96.68,-215.09,1.0
-1.17,-0.31,0.1,-16.36,102.91,-229.92,1.0
-1.15,-0.31,0.1,-4.88,73.36,-219.67,1.0
-0.95,-0.27,0.08,-3.66,53.04,-192.63,1.0
-0.73,-0.24,0.04,4.58,15.32,-150.02,1.0
-0.67,-0.24,0.04,3.48,-1.89,-139.34,1.0
-0.69,-0.24,0.04,-26.37,-47.0,-123.84,1.0
-0.72,-0.2,0.05,-49.56,-90.76,-73.18,1.0
-0.73,-0.19,0.06,2.69,-99.18,-32.23,1.0
-0.8,-0.21,0.08,69.34,-94.06,0.31,1.0
-0.9,-0.25,0.1,86.06,-93.81,42.24,1.0
-0.95,-0.27,0.12,73.73,-112.12,80.93,1.0
-1.11,-0.28,0.15,18.13,-128.42,132.63,1.0
-1.2,-0.26,0.16,-19.29,-109.99,184.08,1.0
-1.4,-0.27,0.19,8.73,-82.64,224.55,1.0
-1.42,-0.29,0.2,38.76,-57.5,260.07,1.0
-1.4,-0.31,0.2,10.44,-53.41,287.29,1.0
-1.38,-0.29,0.18,-86.98,-26.86,280.52,1.0
-1.29,-0.22,0.16,-129.88,-4.09,276.18,1.0
-1.19,-0.2,0.15,-119.51,27.89,251.4,1.0
-1.04,-0.19,0.12,-97.17,49.68,202.94,1.0
-0.95,-0.19,0.1,-101.87,65.31,144.23,1.0
-0.94,-0.18,0.09,-103.58,83.92,75.07,1.0
-0.88,-0.17,0.08,-67.57,78.06,22.77,1.0
-0.78,-0.18,0.07,-42.79,66.96,-5.92,1.0
-0.84,-0.22,0.07,-38.45,49.5,-73.85,1.0
-0.92,-0.24,0.08,-63.23,33.26,-140.93,1.0
-1.02,-0.25,0.1,-66.59,16.85,-174.62,1.0
-1.08,-0.26,0.11,-48.95,-14.53,-207.15,1.0
-1.15,-0.27,0.11,-20.14,-28.56,-230.53,1.0
-1.23,-0.29,0.12,24.66,-26.12,-267.27,1.0
-1.32,-0.33,0.14,45.78,-25.63,-281.68,1.0
-1.32,-0.35,0.14,33.63,-37.72,-265.69,1.0
-1.24,-0.33,0.13,-15.62,-65.19,-230.35,1.0
-1.18,-0.29,0.12,-45.47,-82.46,-189.39,1.0
-1.07,-0.25,0.1,-24.17,-81.67,-162.66,1.0
-0.96,-0.26,0.09,37.41,-75.07,-125.37,1.0
-0.88,-0.26,0.09,56.15,-71.41,-80.69,1.0
-0.83,-0.23,0.09,36.93,-72.57,-28.2,1.0
-0.79,-0.21,0.09,24.11,-67.57,21.48,1.0
-0.78,-0.2,0.1,29.97,-62.56,63.66,1.0
-0.82,-0.21,0.11,29.17,-57.25,94.36,1.0
-0.86,-0.22,0.11,10.68,-45.53,121.15,1.0
-0.93,-0.21,0.12,-1.65,-34.42,136.6,1.0
-1.01,-0.23,0.13,-10.01,-16.91,154.54,1.0
-1.09,-0.25,0.14,-15.93,-5.98,161.8,1.0
0.18,-0.87,0.47,2.08,-1.46,1.04,0.0
0.17,-0.86,0.48,1.77,-2.14,0.61,0.0
0.16,-0.88,0.49,3.78,-1.71,0.49,0.0
0.15,-0.87,0.51,-2.5,-1.1,-0.73,0.0
0.15,-0.86,0.52,-8.48,-1.77,-2.75,0.0
0.15,-0.86,0.5,-12.57,-2.01,-8.91,0.0
0.16,-0.83,0.51,-13.49,-2.32,-10.62,0.0
0.16,-0.83,0.51,-7.51,-2.75,-8.06,0.0
0.14,-0.88,0.49,8.97,-3.42,-5.8,0.0
0.12,-0.9,0.51,11.78,-0.67,-6.29,0.0
0.18,-0.88,0.48,6.04,1.95,-8.91,0.0
0.2,-0.84,0.4,-3.05,2.38,-5.37,0.0
0.21,-0.83,0.4,-4.82,-4.94,-3.72,0.0
0.21,-0.85,0.43,-3.11,-4.64,-1.77,0.0
0.18,-0.81,0.52,-5.49,-1.53,-3.72,0.0
0.17,-0.9,0.58,8.91,2.14,-11.11,0.0
0.16,-1.05,0.6,49.93,-4.33,-19.23,0.0
0.23,-0.94,0.36,20.2,-30.58,-3.48,0.0
0.15,-0.89,0.35,-13.43,-55.05,12.82,0.0
0.15,-0.85,0.38,-30.82,-5.13,0.55,0.0
0.23,-0.72,0.36,-0.98,23.38,0.55,0.0
0.18,-0.83,0.38,23.99,23.99,-1.4,0.0
0.09,-0.95,0.49,50.96,7.75,-8.48,0.0
0.06,-0.94,0.52,41.14,-11.41,-8.06,0.0
0.09,-0.92,0.52,33.08,-10.01,-11.11,0.0
0.12,-0.86,0.59,12.21,-3.17,-8.3,0.0
0.19,-0.84,0.51,5.86,0.37,-2.87,0.0
0.19,-0.86,0.49,11.23,7.32,4.52,0.0
0.16,-0.9,0.48,11.54,3.42,5.68,0.0
0.13,-0.95,0.51,-3.3,-1.95,-1.89,0.0
0.15,-0.9,0.53,-25.94,4.15,-12.63,0.0
0.19,-0.82,0.51,-57.43,16.85,-18.86,0.0
0.21,-0.87,0.55,-69.64,28.2,-8.24,0.0
0.27,-0.8,0.52,-70.01,19.96,-9.7,0.0
0.23,-0.71,0.56,-63.35,-8.54,-4.39,0.0
0.17,-0.77,0.49,-31.86,-42.3,19.53,0.0
0.19,-0.89,0.56,-8.73,-28.63,13.31,0.0
0.23,-0.91,0.59,-23.07,-1.16,-20.02,0.0
0.22,-0.99,0.52,-36.56,4.09,-28.26,0.0
0.15,-0.96,0.57,-10.68,-8.54,-9.22,0.0
0.09,-0.92,0.6,26.37,6.77,-11.05,0.0
0.1,-0.95,0.57,42.36,21.06,-16.54,0.0
0.1,-0.93,0.51,-6.04,28.93,-20.51,0.0
0.04,-0.76,0.52,-42.42,18.49,-28.2,0.0
-0.01,-0.77,0.49,-3.3,15.81,-18.01,0.0
-0.0,-0.84,0.41,22.71,20.69,-5.25,0.0
-0.01,-0.86,0.35,33.51,18.01,-12.82,0.0
-0.03,-0.82,0.4,53.28,27.34,-23.19,0.0
0.0,-0.91,0.54,80.44,37.35,-16.72,0.0
0.04,-0.93,0.5,39.92,25.94,-0.73,0.0
0.04,-0.94,0.47,51.45,15.69,-3.54,0.0
0.01,-1.19,0.52,47.3,7.69,-22.52,0.0
0.09,-0.96,0.26,-41.14,53.65,-23.01,0.0
-0.03,-0.88,0.41,8.48,19.41,-4.21,0.0
0.01,-0.92,0.36,-1.95,8.79,-4.58,0.0
-0.02,-0.91,0.42,-18.13,-4.03,-7.57,0.0
-0.03,-0.88,0.44,-25.57,-4.76,-5.92,0.0
-0.03,-0.83,0.42,-26.49,-3.05,-4.39,0.0
-0.02,-0.81,0.35,-11.41,-6.84,2.38,0.0
0.02,-0.96,0.36,16.36,-1.65,-8.3,0.0
0.02,-0.95,0.52,8.54,-4.76,-10.31,0.0
-0.05,-0.86,0.51,-13.24,-1.53,-9.89,0.0
-0.1,-0.82,0.43,3.97,14.95,-1.83,0.0
0.01,-0.87,0.42,23.56,25.02,12.02,0.0
0.08,-0.93,0.45,14.47,16.05,4.76,0.0
0.06,-0.83,0.42,-3.36,13.85,-2.87,0.0
0.04,-0.77,0.48,2.2,13.85,-3.05,0.0
0.02,-0.81,0.46,31.25,24.23,-11.72,0.0
0.01,-0.91,0.4,43.64,31.31,-9.7,0.0
0.03,-0.9,0.42,22.64,15.44,-7.32,0.0
-0.0,-0.95,0.37,-0.06,11.78,-24.05,0.0
-0.02,-0.91,0.36,-9.22,27.28,-22.34,0.0
-0.03,-0.8,0.52,-40.77,24.05,-22.28,0.0
-0.02,-0.84,0.42,-22.03,24.48,-51.45,0.0
0.01,-1.17,0.12,24.54,38.7,-55.54,0.0
-0.13,-1.03,0.75,54.44,37.96,-25.76,0.0
-0.18,-0.99,0.72,-10.56,61.71,-29.48,0.0
-0.14,-1.02,0.38,8.73,63.11,-22.34,0.0
-0.06,-1.01,0.3,32.78,83.5,-14.95,0.0
0.03,-1.04,0.29,25.02,89.36,-14.65,0.0
0.04,-0.95,0.24,1.65,82.03,-13.73,0.0
0.07,-0.85,0.1,-16.6,76.84,-11.47,0.0
0.11,-0.78,0.08,-46.26,59.14,-22.28,0.0
0.12,-0.83,0.35,-41.81,39.61,-48.4,0.0
0.08,-0.98,0.46,7.32,51.45,-47.73,0.0
0.05,-1.08,0.38,36.87,68.66,-20.94,0.0
0.11,-1.13,0.39,32.04,69.03,-6.1,0.0
0.08,-1.02,0.34,2.26,56.95,-0.37,0.0
0.04,-0.95,0.3,-12.27,52.25,-7.75,0.0
-0.0,-0.89,0.29,-21.42,52.55,-20.63,0.0
-0.01,-0.88,0.28,-26.86,54.38,-27.95,0.0
-0.04,-0.79,0.3,-32.47,35.77,-28.69,0.0
-0.01,-0.87,0.28,-11.96,39.25,-29.05,0.0
0.06,-1.0,0.32,22.03,63.9,-34.73,0.0
0.08,-1.02,0.36,17.46,80.93,-36.62,0.0
0.1,-1.02,0.33,9.89,77.7,-34.18,0.0
0.16,-1.0,0.25,-2.26,68.54,-24.17,0.0
0.17,-0.94,0.25,-33.94,59.45,-26.79,0.0
0.08,-0.79,0.38,-53.71,60.36,-35.95,0.0
-0.03,-0.65,0.49,-56.46,48.89,-39.18,0.0
-0.08,-0.78,0.4,-22.52,26.79,-38.88,0.0
-0.1,-1.01,0.48,92.29,8.97,-20.94,0.0
0.04,-1.32,0.63,149.9,25.51,17.27,0.0
0.05,-1.13,0.4,9.34,37.35,37.66,0.0
-0.07,-0.94,0.43,-96.56,15.62,-18.25,0.0
-0.1,-0.85,0.41,-122.38,14.47,-27.71,0.0
-0.02,-0.75,0.31,-111.51,24.17,4.15,0.0
0.04,-0.75,0.33,-41.08,49.19,-24.29,0.0
-0.03,-0.81,0.58,34.0,79.1,-52.49,0.0
0.0,-0.89,0.62,57.68,84.11,-30.15,0.0
0.04,-0.87,0.45,11.84,49.56,-5.86,0.0
0.05,-0.83,0.43,4.58,40.71,-13.55,0.0
-0.0,-0.94,0.53,19.84,50.66,-31.62,0.0
0.01,-0.98,0.46,14.28,31.92,-9.46,0.0
0.02,-0.96,0.39,13.43,10.56,1.28,0.0
0.03,-0.94,0.37,32.17,-10.86,5.43,0.0
0.01,-0.96,0.4,26.06,-19.65,2.62,0.0
-0.01,-0.91,0.35,9.4,-14.4,-7.51,0.0
-0.04,-0.9,0.32,-0.18,-7.63,-13.12,0.0
-0.06,-0.87,0.3,-6.47,4.15,-8.36,0.0
-0.05,-0.89,0.34,1.83,15.62,-9.4,0.0
-0.07,-0.9,0.34,1.95,20.69,-7.93,0.0
-0.1,-0.89,0.35,6.9,22.4,-5.0,0.0
-0.11,-0.92,0.39,28.08,29.48,1.83,0.0
-0.07,-0.96,0.39,25.88,25.51,5.07,0.0
-0.06,-0.94,0.39,13.37,14.59,5.0,0.0
-0.06,-0.95,0.35,3.66,0.43,-2.5,0.0
-0.05,-0.98,0.35,1.22,-2.99,-9.89,0.0
-0.09,-0.95,0.43,-14.71,-10.19,-19.96,0.0
-0.06,-0.99,0.41,-6.59,-18.07,-21.0,0.0
-0.01,-1.08,0.31,18.25,-13.06,2.01,0.0
0.04,-1.0,0.32,22.95,3.85,14.53,0.0
0.07,-0.96,0.34,-3.36,2.26,0.43,0.0
0.1,-0.9,0.34,-20.69,-4.21,-3.36,0.0
0.12,-0.94,0.35,-12.02,-6.35,-5.62,0.0
0.12,-0.97,0.39,1.1,-3.6,-1.1,0.0
0.13,-0.93,0.42,20.63,-4.39,9.77,0.0
0.14,-0.93,0.42,25.15,-1.65,10.74,0.0
0.16,-0.95,0.39,18.07,9.34,9.7,0.0
0.17,-0.9,0.37,5.43,12.27,5.74,0.0
0.19,-0.91,0.39,-1.28,7.2,2.14,0.0
0.19,-0.96,0.34,-9.64,14.4,-7.75,0.0
0.15,-0.93,0.33,-9.95,11.6,-8.18,0.0
0.09,-0.89,0.29,-4.82,-13.37,3.66,0.0
0.02,-0.89,0.3,-5.8,-26.79,2.93,0.0
-0.04,-0.84,0.35,-10.38,-43.21,-0.12,0.0
-0.07,-0.89,0.28,-0.12,-34.85,-7.75,0.0
-0.08,-0.97,0.28,20.32,-22.77,-24.48,0.0
-0.02,-1.14,0.24,28.32,-16.24,-26.0,0.0
0.16,-1.04,0.36,-2.14,-11.17,-18.01,0.0
0.11,-0.85,0.44,-93.02,18.68,-44.07,0.0
0.03,-0.83,0.51,-99.73,21.91,-67.99,0.0
-0.05,-0.96,0.62,-30.58,46.69,-49.62,0.0
-0.03,-1.01,0.61,61.16,61.83,-3.11,0.0
-0.03,-0.97,0.47,37.9,44.43,12.33,0.0
-0.05,-0.82,0.37,-13.49,10.68,13.85,0.0
-0.08,-0.8,0.4,-49.44,-21.18,-9.46,0.0
-0.1,-0.8,0.44,-62.32,-25.94,-13.06,0.0
-0.2,-0.77,0.43,-41.93,-13.18,-5.0,0.0
-0.19,-0.85,0.42,11.41,-3.66,6.96,0.0
-0.15,-0.91,0.37,40.77,-4.88,19.84,0.0
-0.14,-0.93,0.38,42.91,-3.54,20.57,0.0
-0.14,-0.97,0.41,32.65,5.8,11.47,0.0
-0.13,-0.99,0.39,22.64,5.13,6.35,0.0
-0.14,-0.95,0.37,12.39,-5.0,6.47,0.0
-0.17,-0.87,0.36,-0.12,-21.79,2.81,0.0
-0.2,-0.81,0.34,8.61,-25.76,-0.98,0.0
-0.21,-0.84,0.34,29.11,-28.2,4.7,0.0
-0.2,-0.91,0.35,22.71,-27.95,9.03,0.0
-0.17,-0.91,0.35,17.7,-15.99,8.06,0.0
-0.15,-1.01,0.34,18.92,-2.87,9.03,0.0
-0.13,-1.01,0.27,-5.68,-26.49,12.02,0.0
-0.05,-0.97,0.25,3.78,-43.21,5.19,0.0
-0.05,-1.14,0.31,16.97,-41.26,-8.48,0.0
0.05,-1.27,0.34,35.58,-35.22,-4.7,0.0
0.05,-1.08,0.38,14.4,-19.65,8.3,0.0
0.1,-1.0,0.34,-24.29,-17.76,3.48,0.0
0.18,-0.96,0.37,5.68,-8.85,27.83,0.0
0.27,-0.99,0.29,11.35,-6.84,29.17,0.0
0.3,-1.04,0.22,10.01,-13.24,24.17,0.0
0.2,-0.93,0.28,11.11,-13.55,26.0,0.0
0.15,-0.88,0.29,1.04,-25.7,28.14,0.0
0.14,-0.88,0.22,4.88,-28.5,29.42,0.0
0.09,-0.86,0.24,12.21,-30.09,25.33,0.0
0.08,-0.93,0.21,8.48,-32.84,19.47,0.0
0.05,-0.97,0.24,6.59,-29.79,18.43,0.0
0.07,-0.95,0.24,3.72,-26.98,16.17,0.0
0.11,-0.98,0.2,5.31,-21.91,12.88,0.0
0.09,-0.95,0.25,0.61,-20.14,7.51,0.0
0.03,-0.98,0.27,-2.5,-23.44,2.14,0.0
0.01,-0.95,0.26,-11.11,-31.07,1.16,0.0
0.07,-0.96,0.17,-10.93,-31.56,-2.99,0.0
0.12,-1.02,0.14,0.92,-26.25,-4.82,0.0
0.1,-1.03,0.16,-12.15,-32.9,-6.71,0.0
0.06,-1.0,0.21,-35.64,-41.2,-8.12,0.0
0.1,-0.98,0.3,-29.42,-53.96,5.13,0.0
0.06,-0.87,0.43,-39.55,-32.53,8.73,0.0
-0.09,-0.84,0.56,-51.15,-3.23,-0.67,0.0
-0.06,-0.96,0.56,11.9,-10.19,16.36,0.0
0.06,-1.11,0.42,55.79,3.05,34.48,0.0
0.02,-1.02,0.36,45.72,11.23,32.53,0.0
-0.05,-0.94,0.35,-2.44,-30.7,24.72,0.0
-0.09,-0.88,0.29,-6.16,-66.35,26.06,0.0
-0.09,-0.95,0.16,18.74,-66.59,27.28,0.0
-0.15,-0.97,0.25,22.16,-63.9,30.15,0.0
-0.13,-0.96,0.24,10.99,-66.1,33.2,0.0
-0.01,-1.01,-0.03,0.0,-63.6,33.63,0.0
-0.04,-0.91,0.09,0.49,-21.3,18.74,0.0
0.04,-0.9,0.29,12.57,-2.93,-6.77,0.0
0.31,-1.06,0.23,11.05,-49.44,-6.04,0.0
0.2,-1.07,-0.0,5.49,-68.42,28.14,0.0
-0.02,-0.89,0.73,51.94,-12.21,37.11,0.0
0.13,-0.87,0.66,53.47,-3.85,39.79,0.0
0.09,-0.99,0.39,61.04,-85.45,49.38,0.0
0.12,-1.27,0.09,13.79,-44.31,41.14,0.0
-0.01,-0.95,0.34,-21.91,-3.78,2.69,0.0
0.12,-0.77,0.35,-20.39,-37.35,-4.88,0.0
0.13,-0.9,0.19,30.64,-65.86,6.65,0.0
0.12,-0.96,0.22,27.28,-47.79,5.55,0.0
0.16,-0.94,0.31,-1.65,6.29,4.33,0.0
0.12,-0.94,0.24,6.41,-5.8,12.33,0.0
0.11,-0.96,0.21,21.42,-17.33,15.26,0.0
0.15,-0.99,0.27,10.62,-6.59,1.89,0.0
0.16,-1.03,0.2,2.81,-16.11,-0.43,0.0
0.05,-1.02,0.14,-18.74,-7.93,-1.46,0.0
-0.01,-0.93,0.27,-40.53,18.74,-13.67,0.0
0.0,-0.9,0.39,-37.54,37.35,-28.56,0.0
0.04,-0.94,0.43,-28.02,29.72,-29.54,0.0
0.03,-1.08,0.33,-41.2,42.11,-35.64,0.0
0.1,-1.04,0.35,-48.52,66.47,-38.76,0.0
0.15,-0.87,0.26,-52.31,60.24,-30.03,0.0
0.17,-0.87,0.22,-47.55,35.34,-23.07,0.0
0.13,-0.87,0.29,-75.32,25.39,-30.88,0.0
0.01,-0.7,0.54,-96.68,22.4,-33.75,0.0
-0.1,-0.85,0.53,-36.25,17.58,-32.17,0.0
-0.1,-1.14,0.46,45.23,22.77,-6.9,0.0
-0.0,-1.07,0.42,-1.71,-3.66,-6.77,0.0
0.1,-0.98,0.34,-39.43,-23.13,-6.71,0.0
0.09,-0.88,0.3,-40.16,-18.49,-6.9,0.0
0.05,-0.75,0.36,-34.18,-21.24,-10.44,0.0
-0.12,-0.73,0.47,-11.54,-37.41,-21.73,0.0
-0.2,-0.78,0.53,12.27,-38.39,-4.46,0.0
-0.2,-0.83,0.56,42.6,-34.24,-0.79,0.0
-0.13,-0.86,0.53,32.23,-8.73,-3.54,0.0
-0.06,-0.88,0.47,21.42,15.32,-6.53,0.0
-0.06,-0.93,0.48,19.65,33.69,-9.95,0.0
-0.1,-0.89,0.53,-10.99,34.06,-10.93,0.0
-0.12,-0.82,0.5,-29.85,25.82,-9.22,0.0
-0.08,-1.12,0.38,18.07,26.18,-15.26,0.0
-0.07,-1.11,0.44,52.55,33.69,-13.12,0.0
-0.05,-0.93,0.23,-37.54,30.82,-14.1,0.0
-0.02,-0.9,0.2,-36.93,12.08,-13.37,0.0
-0.05,-0.99,0.39,-0.24,17.09,-10.13,0.0
-0.04,-1.02,0.28,30.46,26.31,0.43,0.0
0.02,-0.99,0.17,29.48,27.89,4.21,0.0
0.07,-0.97,0.19,16.66,26.79,5.31,0.0
0.02,-0.92,0.28,2.01,26.06,2.2,0.0
-0.0,-0.93,0.32,12.27,27.1,2.56,0.0
0.02,-0.97,0.33,16.36,28.93,1.65,0.0
0.05,-0.98,0.31,17.46,30.21,2.81,0.0
0.06,-0.95,0.28,17.15,27.71,4.7,0.0
0.06,-0.97,0.25,15.62,22.58,2.87,0.0
0.05,-0.98,0.27,10.13,16.85,1.83,0.0
0.04,-0.96,0.3,-0.55,13.85,-0.31,0.0
0.04,-0.93,0.29,-1.71,15.01,-1.53,0.0
0.05,-0.92,0.28,1.95,18.13,-3.05,0.0
0.07,-0.92,0.27,7.75,27.83,-7.81,0.0
0.09,-0.92,0.26,9.52,32.84,-12.57,0.0
0.09,-0.94,0.27,8.97,33.75,-16.3,0.0
0.09,-0.96,0.27,5.98,33.75,-18.98,0.0
0.14,-0.98,0.25,5.37,34.0,-20.57,0.0
0.19,-0.97,0.23,1.53,35.34,-20.69,0.0
0.19,-0.96,0.27,-8.12,37.29,-22.28,0.0
0.14,-0.98,0.28,-1.95,35.1,-23.13,0.0
0.05,-1.04,0.29,12.15,30.33,-21.0,0.0
-0.12,-1.07,0.33,32.78,12.88,-10.01,0.0
-0.11,-1.06,0.17,11.9,8.85,-13.37,0.0
-0.1,-0.96,0.18,-21.61,24.17,-22.83,0.0
-0.13,-0.93,0.2,-32.35,42.18,-30.03,0.0
-0.21,-0.85,0.29,-26.18,52.19,-31.56,0.0
-0.22,-0.88,0.3,-5.62,56.09,-25.39,0.0
-0.15,-0.98,0.28,17.15,65.19,-16.24,0.0
-0.15,-0.98,0.27,14.22,67.26,-16.17,0.0
-0.18,-0.91,0.33,0.31,56.27,-17.64,0.0
-0.18,-1.0,0.36,-3.11,57.98,-21.24,0.0
-0.17,-1.01,0.34,-0.49,66.59,-19.29,0.0
-0.12,-0.95,0.33,-0.85,68.18,-13.61,0.0
-0.08,-0.94,0.38,10.13,56.4,-16.11,0.0
-0.06,-0.99,0.38,12.08,48.77,-14.71,0.0
-0.05,-0.93,0.37,-4.15,40.1,-9.83,0.0
-0.06,-0.88,0.35,-19.35,35.22,-12.08,0.0
-0.05,-0.89,0.39,-17.27,32.65,-14.77,0.0
-0.05,-0.91,0.44,-14.65,30.64,-11.05,0.0
-0.09,-0.89,0.43,-12.88,21.36,-5.55,0.0
-0.11,-0.86,0.44,-11.41,19.9,-1.16,0.0
-0.11,-0.91,0.36,-9.28,20.39,-3.36,0.0
-0.06,-1.08,0.25,21.91,4.88,-3.3,0.0
-0.08,-1.02,0.38,30.27,3.54,1.95,0.0
-0.11,-0.91,0.42,-18.07,13.12,-5.98,0.0
-0.06,-0.88,0.4,-43.52,20.2,-18.25,0.0
-0.03,-0.84,0.39,-35.34,37.29,-15.81,0.0
0.03,-0.95,0.4,-1.59,38.57,-13.92,0.0
0.06,-1.01,0.39,17.64,19.35,-2.38,0.0
0.02,-0.97,0.3,5.86,3.48,7.02,0.0
-0.04,-0.9,0.31,-8.0,-1.53,7.45,0.0
-0.07,-0.89,0.41,-18.43,-7.45,3.36,0.0
-0.05,-0.89,0.4,-16.05,0.06,-0.98,0.0
-0.05,-0.93,0.36,-3.11,-3.78,2.75,0.0
-0.06,-0.92,0.37,-4.21,-3.66,2.87,0.0
-0.06,-0.93,0.39,-2.69,-2.5,2.14,0.0
-0.06,-0.93,0.35,-1.46,-1.34,0.67,0.0
-0.06,-0.92,0.34,-1.04,-5.07,1.22,0.0
-0.04,-0.94,0.35,8.73,-9.03,2.81,0.0
-0.01,-0.96,0.32,14.71,-7.26,5.0,0.0
0.01,-0.96,0.27,14.89,-9.77,7.39,0.0
0.02,-0.94,0.26,12.33,-20.32,9.52,0.0
0.04,-0.99,0.23,13.43,-32.65,8.91,0.0
0.05,-1.01,0.22,9.22,-41.14,12.51,0.0
0.06,-1.02,0.16,10.38,-48.34,18.55,0.0
0.02,-0.97,0.13,16.3,-54.87,26.79,0.0
-0.02,-0.95,0.14,20.14,-60.12,30.27,0.0
-0.03,-1.0,0.13,33.14,-58.96,30.15,0.0
-0.04,-0.97,0.13,22.16,-61.1,30.46,0.0
-0.05,-0.97,0.2,11.72,-64.39,24.54,0.0
-0.09,-1.01,0.34,12.88,-66.35,22.28,0.0
-0.08,-1.04,0.38,16.91,-62.93,20.75,0.0
-0.06,-0.98,0.34,2.01,-52.49,22.34,0.0
-0.08,-0.97,0.3,-5.07,-43.76,19.59,0.0
-0.1,-0.97,0.32,-4.64,-44.8,15.87,0.0
-0.12,-1.02,0.36,-7.63,-36.56,3.36,0.0
-0.07,-0.99,0.32,-31.31,-19.9,-6.35,0.0
-0.0,-0.95,0.26,-38.45,-7.14,-11.35,0.0
0.04,-0.95,0.25,-35.4,3.6,-14.89,0.0
0.05,-0.98,0.26,-32.04,9.58,-14.95,0.0
0.07,-0.97,0.26,-24.41,5.86,-9.09,0.0
0.07,-0.98,0.2,-15.5,3.72,-4.7,0.0
0.08,-1.0,0.16,-6.71,6.65,-2.5,0.0
0.05,-0.99,0.23,0.12,2.93,3.36,0.0
-0.01,-0.95,0.31,-4.88,1.34,2.93,0.0
-0.04,-0.94,0.28,-6.53,-7.08,0.37,0.0
0.01,-0.96,0.26,-2.38,-14.71,3.17,0.0
0.03,-0.95,0.26,-18.01,-11.29,-1.4,0.0
-0.02,-0.91,0.27,-39.18,-4.09,-13.98,0.0
-0.14,-0.99,0.36,-14.65,-3.3,-13.73,0.0
-0.24,-1.06,0.54,21.91,-8.91,-2.62,0.0
-0.12,-1.0,0.31,35.1,-2.87,21.85,0.0
-0.06,-0.87,0.28,-65.55,-14.59,8.79,0.0
-0.0,-0.85,0.41,-127.5,-32.71,4.7,0.0
-0.09,-0.85,0.55,-98.27,-13.18,-8.42,0.0
-0.26,-0.77,0.73,-51.09,-11.54,-18.74,0.0
-0.22,-0.83,0.54,17.27,0.98,-4.21,0.0
-0.14,-0.84,0.53,-10.01,-12.39,14.59,0.0
-0.06,-0.87,0.59,-32.84,-29.05,4.94,0.0
-0.12,-0.79,0.46,-43.27,-10.19,-9.58,0.0
-0.18,-0.71,0.46,-40.1,7.32,-12.57,0.0
-0.22,-0.72,0.55,-6.84,22.77,-16.24,0.0
-0.25,-0.72,0.61,-7.14,34.24,-12.63,0.0
-0.21,-0.78,0.56,11.72,33.08,-9.77,0.0
-0.07,-0.91,0.5,29.24,36.38,-5.43,0.0
0.0,-0.98,0.52,38.33,36.99,-5.43,0.0
-0.01,-0.95,0.55,18.98,26.67,-8.36,0.0
-0.1,-0.9,0.53,-8.18,6.53,-15.56,0.0
-0.1,-0.85,0.49,-16.36,-7.39,-11.78,0.0
-0.1,-0.79,0.5,-9.95,-9.89,-12.76,0.0
-0.12,-0.78,0.54,1.04,-0.67,-17.76,0.0
-0.16,-0.78,0.58,12.76,9.34,-19.04,0.0
-0.15,-0.78,0.54,18.98,13.12,-13.98,0.0
-0.15,-0.78,0.48,22.83,8.61,-5.62,0.0
-0.17,-0.82,0.5,30.46,4.94,-2.99,0.0
-0.2,-0.83,0.51,24.41,-7.51,0.43,0.0
-0.2,-0.85,0.45,18.43,-14.77,3.72,0.0
-0.25,-0.8,0.45,14.1,-8.06,1.95,0.0
-0.26,-0.82,0.47,23.07,-1.83,0.49,0.0
-0.22,-0.93,0.44,33.69,-0.18,7.75,0.0
-0.22,-0.91,0.39,22.34,-3.91,21.97,0.0
-0.27,-0.88,0.42,10.86,-2.99,6.35,0.0
-0.29,-0.86,0.4,20.14,-0.49,-10.68,0.0
-0.32,-0.85,0.42,26.98,1.04,-12.82,0.0
-0.22,-1.1,0.4,28.81,-6.65,-13.61,0.0
-0.03,-1.22,0.35,31.56,-14.1,13.37,0.0
-0.05,-1.07,0.32,12.21,-1.46,15.56,0.0
-0.17,-0.82,0.4,-37.72,-27.77,-10.8,0.0
-0.24,-0.74,0.36,-40.22,-52.61,-36.87,0.0
-0.22,-0.82,0.31,14.4,-77.03,-35.89,0.0
-0.17,-0.89,0.28,57.07,-57.92,7.2,0.0
-0.1,-1.0,0.24,95.09,-10.38,34.18,0.0
-0.02,-1.09,0.26,81.3,40.77,39.31,0.0
0.05,-1.07,0.29,36.87,67.57,20.39,0.0
0.06,-0.99,0.31,-5.37,44.98,3.17,0.0
0.09,-0.97,0.25,6.04,35.4,8.61,0.0
0.13,-1.0,0.23,26.67,32.17,18.25,0.0
0.12,-1.0,0.22,7.57,17.64,19.1,0.0
0.08,-0.97,0.23,-8.97,10.25,15.56,0.0
0.07,-0.95,0.23,-6.35,10.38,14.28,0.0
0.05,-0.94,0.23,-11.78,7.08,11.41,0.0
0.0,-0.94,0.22,-10.74,-4.15,9.03,0.0
-0.01,-0.93,0.22,0.92,-14.77,9.52,0.0
0.01,-0.97,0.23,13.43,-13.85,10.07,0.0
0.01,-1.01,0.23,12.45,-17.4,7.57,0.0
-0.02,-0.97,0.25,-5.13,-24.54,2.62,0.0
-0.04,-0.95,0.25,-7.26,-20.57,1.28,0.0
-0.06,-0.97,0.25,-6.84,-12.33,0.06,0.0
-0.09,-0.96,0.31,-11.05,-5.92,-3.3,0.0
-0.06,-0.95,0.32,-19.53,-2.87,-5.55,0.0
0.01,-0.94,0.27,-26.67,8.36,-7.87,0.0
0.04,-0.98,0.23,-17.58,13.49,-7.32,0.0
-0.01,-1.06,0.26,-1.95,10.25,-5.43,0.0
-0.06,-1.07,0.32,8.61,-0.06,1.95,0.0
-0.03,-0.98,0.25,-5.37,-0.73,2.93,0.0
-0.02,-0.92,0.27,-38.09,4.52,-4.33,0.0
0.01,-0.92,0.34,-27.1,14.47,1.53,0.0
0.04,-0.96,0.3,-3.85,19.41,7.14,0.0
0.02,-0.97,0.34,-8.12,4.94,8.18,0.0
0.01,-0.96,0.33,-13.73,-9.16,8.61,0.0
-0.01,-0.95,0.28,-11.23,-15.01,9.28,0.0
-0.07,-0.93,0.23,-4.76,-17.52,7.26,0.0
-0.07,-0.94,0.28,-8.79,-18.98,3.6,0.0
-0.03,-0.95,0.26,-7.26,-15.14,6.1,0.0
-0.0,-0.95,0.21,7.2,-10.8,10.5,0.0
0.02,-0.96,0.22,10.01,-20.08,9.34,0.0
0.02,-0.94,0.26,2.56,-29.11,4.21,0.0
0.0,-0.93,0.3,-5.19,-33.14,-0.12,0.0
-0.02,-0.92,0.33,-10.62,-31.13,-4.33,0.0
-0.05,-0.95,0.39,2.93,-24.54,-0.06,0.0
-0.06,-1.0,0.41,9.58,-23.74,5.0,0.0
-0.02,-1.06,0.39,13.0,-20.08,12.02,0.0
0.01,-1.05,0.34,8.42,-17.21,17.76,0.0
0.01,-1.01,0.32,1.46,-13.85,19.47,0.0
0.01,-0.96,0.32,-14.89,-15.26,17.76,0.0
-0.01,-0.89,0.3,-21.97,-23.25,15.26,0.0
-0.02,-0.88,0.31,-21.48,-29.17,12.15,0.0
-0.03,-0.89,0.36,-11.29,-30.94,13.85,0.0
-0.01,-0.95,0.37,2.62,-25.15,14.1,0.0
0.02,-0.99,0.37,2.56,-19.59,12.27,0.0
0.04,-0.99,0.35,-5.92,-20.02,9.77,0.0
0.07,-0.96,0.32,-9.22,-24.17,6.96,0.0
0.08,-0.94,0.3,-11.11,-32.04,5.07,0.0
0.07,-0.92,0.29,-18.43,-40.77,0.92,0.0
0.05,-0.9,0.3,-12.82,-42.54,1.89,0.0
0.04,-0.93,0.29,-5.07,-37.6,1.53,0.0
0.02,-0.92,0.34,-2.81,-38.09,3.42,0.0
-0.05,-0.95,0.38,-1.04,-34.73,3.78,0.0
-0.11,-1.0,0.4,7.08,-27.34,3.11,0.0
-0.14,-1.02,0.41,20.75,-24.96,5.68,0.0
-0.08,-1.02,0.34,12.82,-26.25,4.27,0.0
-0.04,-0.97,0.32,-2.93,-15.2,2.56,0.0
-0.04,-0.93,0.35,-13.12,-5.49,2.14,0.0
-0.03,-0.91,0.37,-12.88,5.43,0.43,0.0
-0.01,-0.92,0.38,-12.82,9.89,-0.61,0.0
0.0,-0.94,0.37,-10.68,9.58,0.92,0.0
-0.0,-0.93,0.36,-4.7,7.63,4.21,0.0
-0.02,-0.92,0.34,-0.98,7.51,5.49,0.0
-0.04,-0.92,0.33,1.89,0.55,5.13,0.0
-0.05,-0.93,0.34,0.79,0.31,4.21,0.0
-0.05,-0.93,0.34,0.18,2.69,3.97,0.0
-0.02,-0.94,0.31,3.05,5.25,4.33,0.0
-0.01,-0.95,0.3,4.88,0.0,5.19,0.0
-0.05,-0.94,0.32,-2.5,-2.93,3.72,0.0
-0.04,-0.95,0.3,4.15,-6.53,3.3,0.0
-0.04,-0.98,0.25,6.77,-12.76,2.69,0.0
-0.09,-0.94,0.28,-2.26,-20.63,2.14,0.0
-0.12,-0.93,0.3,-3.72,-22.28,-0.06,0.0
-0.15,-0.91,0.32,4.94,-18.62,0.73,0.0
-0.16,-0.93,0.31,10.93,-14.47,1.04,0.0
-0.2,-0.92,0.36,3.42,-15.38,-0.98,0.0
-0.21,-0.96,0.39,-1.16,-15.14,-4.21,0.0
-0.18,-1.0,0.35,19.23,-10.31,-0.24,0.0
-0.14,-1.01,0.28,14.4,-13.49,-0.49,0.0
-0.13,-0.99,0.26,-2.2,-27.34,-6.71,0.0
-0.15,-0.94,0.29,-23.32,-38.09,-10.25,0.0
-0.15,-0.91,0.37,-27.34,-40.47,-9.58,0.0
-0.12,-0.91,0.39,-24.84,-37.23,-8.24,0.0
-0.1,-0.9,0.36,-20.39,-32.17,-4.58,0.0
-0.12,-0.88,0.36,-10.5,-28.56,-0.92,0.0
-0.12,-0.87,0.4,-3.66,-24.17,1.34,0.0
-0.12,-0.91,0.43,0.31,-23.99,3.23,0.0
-0.11,-0.92,0.42,2.62,-25.57,4.46,0.0
-0.1,-0.88,0.45,-7.39,-17.94,9.64,0.0
-0.09,-0.9,0.45,-1.77,-5.62,12.21,0.0
-0.11,-0.9,0.38,-0.06,-3.85,14.4,0.0
-0.16,-0.86,0.38,-8.24,-7.32,16.42,0.0
-0.22,-0.86,0.45,-4.82,0.06,14.71,0.0
-0.19,-0.91,0.49,-2.69,10.99,14.1,0.0
-0.14,-0.99,0.46,-6.29,29.36,12.57,0.0
-0.13,-0.97,0.45,-18.43,39.98,9.09,0.0
-0.1,-0.98,0.39,-14.1,32.9,6.65,0.0
-0.05,-1.07,0.32,8.48,9.4,5.68,0.0
-0.05,-1.04,0.21,23.74,-2.56,9.4,0.0
-0.08,-0.92,0.17,-16.97,-19.17,6.23,0.0
-0.2,-0.77,0.3,-55.42,-26.86,-15.99,0.0
-0.22,-0.76,0.39,-45.84,-19.9,-25.27,0.0
-0.19,-0.92,0.35,6.59,13.55,-23.68,0.0
-0.1,-1.03,0.29,44.92,43.03,-7.81,0.0
-0.06,-1.01,0.26,32.71,57.31,-1.65,0.0
-0.06,-0.99,0.29,6.53,63.11,-6.47,0.0
-0.0,-1.02,0.37,-4.58,63.72,-7.08,0.0
0.02,-1.01,0.35,-10.38,60.0,-7.26,0.0
0.01,-0.95,0.31,0.12,48.89,-4.03,0.0
0.03,-0.94,0.31,3.11,40.04,-2.62,0.0
0.03,-0.92,0.33,2.5,32.71,0.18,0.0
0.03,-0.91,0.33,6.23,30.52,-0.12,0.0
0.02,-0.89,0.32,8.24,25.7,-2.81,0.0
0.01,-0.9,0.3,7.87,21.12,-5.92,0.0
-0.01,-0.91,0.3,6.77,15.62,-7.81,0.0
-0.04,-0.92,0.3,12.57,5.25,-9.09,0.0
-0.03,-0.97,0.31,16.05,6.71,-10.74,0.0
-0.03,-0.98,0.31,0.49,12.39,-18.68,0.0
-0.02,-0.91,0.32,-5.49,5.25,-28.5,0.0
0.02,-0.89,0.3,4.82,1.71,-33.39,0.0
0.04,-0.97,0.32,21.48,10.56,-32.84,0.0
0.02,-1.0,0.41,9.03,17.7,-27.28,0.0
0.04,-1.0,0.39,6.84,15.32,-26.61,0.0
0.05,-1.0,0.32,4.76,19.17,-24.17,0.0
0.05,-1.0,0.31,0.92,28.81,-20.57,0.0
-0.11,-0.96,0.38,-0.43,26.12,-16.72,0.0
-0.16,-0.94,0.45,-6.65,9.89,-10.56,0.0
-0.13,-0.98,0.39,-2.32,13.43,-10.93,0.0
-0.04,-0.97,0.31,19.04,38.02,-3.91,0.0
-0.03,-0.95,0.31,11.05,52.37,-8.91,0.0
-0.11,-0.84,0.38,-2.75,48.1,-13.73,0.0
-0.13,-0.89,0.32,14.53,28.56,-13.85,0.0
-0.14,-0.92,0.32,4.21,1.28,-5.25,0.0
-0.19,-0.9,0.31,-17.27,-10.68,7.02,0.0
-0.15,-0.95,0.33,-20.02,14.47,17.7,0.0
-0.11,-1.0,0.37,-8.0,51.82,1.59,0.0
-0.18,-0.89,0.46,-24.41,58.47,-15.2,0.0
-0.17,-0.88,0.37,-28.2,42.3,-28.08,0.0
-0.12,-0.88,0.34,-20.51,29.11,-6.47,0.0
-0.03,-1.04,0.4,-14.95,35.28,3.91,0.0
-0.01,-1.03,0.45,-32.04,30.15,-4.94,0.0
-0.2,-0.78,0.43,-56.7,15.69,-7.32,0.0
-0.16,-0.83,0.44,-38.94,8.06,5.43,0.0
-0.1,-0.97,0.49,-11.23,-2.93,-8.91,0.0
-0.16,-0.9,0.54,-23.5,5.74,-14.95,0.0
-0.27,-0.77,0.6,-52.61,25.94,-18.01,0.0
-0.21,-0.82,0.56,-19.71,32.53,-5.31,0.0
-0.02,-0.97,0.55,-1.71,20.75,1.89,0.0
-0.09,-0.85,0.49,-22.89,19.65,-0.98,0.0
-0.19,-0.72,0.57,-40.53,-1.22,-6.65,0.0
-0.18,-0.69,0.53,-38.57,7.08,-6.77,0.0
-0.08,-0.77,0.46,-16.6,32.47,-18.19,0.0
-0.1,-0.79,0.53,-7.14,37.29,-21.06,0.0
-0.11,-0.82,0.55,11.41,28.32,-15.87,0.0
-0.11,-0.89,0.57,17.94,22.34,-13.98,0.0
-0.11,-0.92,0.57,19.29,15.93,-15.01,0.0
-0.14,-0.88,0.55,12.27,10.01,-14.4,0.0
-0.16,-0.84,0.5,7.69,3.85,-11.41,0.0
-0.13,-0.84,0.5,6.53,5.13,-10.99,0.0
-0.12,-0.81,0.53,6.53,6.59,-11.66,0.0
-0.13,-0.79,0.52,8.67,2.2,-12.15,0.0
-0.14,-0.79,0.48,19.41,-3.17,-8.91,0.0
-0.16,-0.83,0.49,34.24,-3.54,-2.44,0.0
-0.2,-0.83,0.5,34.42,-9.34,-1.95,0.0
-0.25,-0.83,0.47,34.0,-5.86,0.67,0.0
-0.25,-0.86,0.49,31.62,-1.16,0.67,0.0
-0.21,-0.88,0.49,23.44,5.8,2.44,0.0
-0.22,-0.88,0.47,18.25,7.02,0.79,0.0
-0.26,-0.86,0.49,9.7,2.44,0.18,0.0
-0.27,-0.85,0.5,0.37,2.56,-1.04,0.0
-0.28,-0.8,0.49,-7.45,3.3,-7.51,0.0
-0.24,-0.93,0.51,6.84,-5.13,-31.86,0.0
-0.1,-1.16,0.51,59.63,2.56,-20.81,0.0
-0.01,-1.23,0.36,47.85,43.21,3.17,0.0
-0.02,-0.92,0.27,-56.09,-21.79,-10.38,0.0
-0.03,-0.73,0.35,-78.06,-90.76,-43.09,0.0
-0.12,-0.75,0.39,-33.51,-95.7,-47.91,0.0
-0.14,-0.87,0.5,42.24,-47.18,-10.86,0.0
-0.06,-1.05,0.46,88.87,-9.03,26.37,0.0
0.09,-1.11,0.22,69.52,14.77,41.87,0.0
0.1,-1.05,0.18,40.04,16.48,38.21,0.0
-0.02,-0.91,0.31,-3.36,-11.66,17.52,0.0
-0.04,-0.89,0.38,-6.1,-15.26,14.34,0.0
0.06,-0.97,0.28,13.85,0.67,19.41,0.0
0.07,-0.99,0.26,29.72,17.7,23.93,0.0
0.03,-0.97,0.27,24.6,22.58,21.91,0.0
-0.03,-0.93,0.3,3.85,2.69,13.92,0.0
-0.07,-0.92,0.29,-2.62,-9.4,8.54,0.0
-0.09,-0.91,0.26,-4.88,-16.6,1.1,0.0
-0.12,-0.9,0.25,-1.59,-13.18,-1.53,0.0
-0.11,-0.94,0.24,3.91,2.5,-5.62,0.0
-0.09,-0.96,0.2,6.96,8.97,-10.25,0.0
-0.1,-0.92,0.26,-5.07,3.17,-16.42,0.0
-0.1,-1.0,0.24,-1.22,3.17,-21.42,0.0
-0.04,-1.12,0.15,21.24,7.39,-11.41,0.0
0.02,-0.98,0.16,4.76,9.52,-5.62,0.0
-0.05,-0.8,0.38,-48.22,10.13,-15.08,0.0
-0.24,-0.73,0.61,-60.0,23.13,-21.97,0.0
-0.17,-1.01,0.59,52.86,37.29,-5.86,0.0
-0.04,-1.19,0.35,79.04,29.11,19.41,0.0
-0.02,-1.2,0.21,41.81,19.29,17.64,0.0
-0.1,-0.98,0.31,-54.75,-20.08,-2.93,0.0
-0.16,-0.83,0.31,-78.61,-37.9,-10.86,0.0
-0.19,-0.77,0.29,-56.09,-34.79,-6.65,0.0
-0.22,-0.79,0.31,-35.4,-28.93,-4.52,0.0
-0.24,-0.82,0.35,-16.97,-26.18,-0.49,0.0
-0.27,-0.84,0.37,-3.42,-23.32,-0.24,0.0
-0.3,-0.89,0.36,13.61,-10.74,0.18,0.0
-0.28,-0.95,0.32,18.68,-5.07,2.26,0.0
-0.27,-0.94,0.35,5.07,-10.07,2.38,0.0
-0.29,-0.93,0.34,2.56,-8.61,-1.16,0.0
-0.28,-0.94,0.31,2.44,-6.1,-2.75,0.0
-0.27,-0.9,0.26,-5.31,-10.31,-2.38,0.0
-0.29,-0.83,0.29,-7.63,-15.56,-2.14,0.0
-0.32,-0.83,0.36,-2.44,-9.52,-0.55,0.0
-0.31,-0.87,0.38,11.05,-2.26,-1.1,0.0
-0.28,-0.9,0.34,13.37,5.8,-2.69,0.0
-0.21,-0.92,0.28,17.52,4.52,-3.05,0.0
-0.21,-0.92,0.25,16.3,0.37,0.61,0.0
-0.25,-0.91,0.27,11.66,-11.05,1.65,0.0
-0.25,-0.91,0.24,11.35,-17.33,1.4,0.0
-0.22,-0.98,0.17,23.86,-22.89,6.35,0.0
-0.12,-1.1,0.29,45.41,-25.57,14.16,0.0
-0.03,-1.14,0.36,43.33,-10.68,13.79,0.0
0.1,-1.1,0.27,-5.49,11.72,5.0,0.0
0.13,-0.96,0.18,-18.43,-9.7,13.73,0.0
0.09,-0.92,0.19,7.02,-19.1,24.05,0.0
0.03,-1.06,0.24,48.77,-28.14,29.91,0.0
0.02,-1.11,0.27,59.63,-33.69,43.4,0.0
0.04,-1.06,0.21,30.88,-25.27,41.14,0.0
0.05,-0.93,0.22,6.47,-10.68,29.36,0.0
0.04,-0.93,0.28,5.8,3.78,23.8,0.0
0.04,-0.91,0.33,5.31,10.07,22.46,0.0
0.02,-0.9,0.26,4.64,-7.45,16.72,0.0
0.0,-0.96,0.25,17.15,-26.55,17.76,0.0
-0.01,-1.06,0.27,17.15,-31.19,18.19,0.0
-0.04,-1.05,0.24,-0.24,-26.73,14.59,0.0
-0.04,-1.03,0.27,-18.19,-14.59,9.52,0.0
-0.03,-1.02,0.3,-26.55,-0.73,5.37,0.0
0.01,-1.01,0.27,-28.2,1.71,5.62,0.0
0.06,-0.97,0.21,-37.41,2.2,5.8,0.0
0.04,-0.92,0.21,-45.53,2.14,4.21,0.0
0.03,-0.89,0.24,-44.37,-3.11,1.83,0.0
0.04,-0.93,0.26,-33.45,0.85,-0.12,0.0
0.05,-0.98,0.24,-21.36,7.57,-4.7,0.0
0.03,-0.99,0.24,-20.94,8.91,-8.0,0.0
0.03,-0.97,0.26,-21.06,10.01,-9.83,0.0
0.03,-0.94,0.28,-18.8,10.68,-9.95,0.0
0.04,-1.01,0.26,-14.22,14.16,-13.12,0.0
0.04,-0.99,0.25,-13.85,15.14,-12.82,0.0
0.04,-0.93,0.27,-21.24,10.74,-12.88,0.0
0.04,-0.93,0.3,-15.75,12.7,-13.98,0.0
0.05,-0.97,0.28,5.0,22.83,-17.46,0.0
0.06,-1.01,0.24,5.74,18.43,-17.15,0.0
0.02,-1.0,0.29,0.49,7.63,-18.19,0.0
-0.01,-1.01,0.29,12.57,16.17,-20.69,0.0
0.01,-1.02,0.23,11.47,21.55,-19.9,0.0
0.0,-0.96,0.22,0.24,16.48,-19.23,0.0
-0.03,-0.92,0.22,-5.68,18.98,-20.87,0.0
-0.04,-0.94,0.22,3.97,24.41,-20.51,0.0
-0.09,-0.98,0.21,9.46,20.51,-19.35,0.0
-0.13,-0.98,0.25,3.78,14.28,-18.07,0.0
-0.13,-0.96,0.23,-0.73,19.65,-16.11,0.0
-0.16,-0.92,0.22,-0.24,23.74,-14.04,0.0
-0.19,-0.92,0.22,1.95,20.87,-12.02,0.0
-0.2,-0.97,0.23,17.09,18.07,-10.93,0.0
-0.21,-0.96,0.19,18.98,13.73,-7.51,0.0
-0.27,-0.88,0.24,15.38,3.36,-6.9,0.0
-0.35,-0.87,0.32,9.22,-5.98,-12.27,0.0
-0.35,-0.92,0.42,4.33,-12.63,-16.78,0.0
-0.29,-1.01,0.41,18.98,4.52,-10.56,0.0
-0.27,-1.02,0.38,22.77,10.8,-4.58,0.0
-0.26,-0.97,0.33,8.36,3.54,-1.04,0.0
-0.24,-0.89,0.29,-17.09,-7.39,0.61,0.0
-0.24,-0.85,0.31,-27.83,-17.15,2.2,0.0
-0.23,-0.86,0.28,-14.83,-9.7,2.87,0.0
-0.24,-0.86,0.28,-9.64,-5.92,4.94,0.0
-0.25,-0.89,0.28,3.36,-7.63,7.75,0.0
-0.25,-0.96,0.24,14.71,-11.54,10.74,0.0
-0.27,-0.96,0.22,14.95,-12.63,11.54,0.0
-0.3,-0.97,0.21,14.4,-13.43,10.01,0.0
-0.31,-0.98,0.21,7.69,-16.42,5.92,0.0
-0.29,-0.91,0.2,-3.54,-15.08,4.58,0.0
-0.27,-0.88,0.19,-6.23,-10.74,3.17,0.0
-0.28,-0.87,0.16,1.16,-10.01,3.17,0.0
-0.28,-0.96,0.16,12.51,-10.5,3.66,0.0
-0.19,-1.07,0.22,38.02,-12.76,11.47,0.0
-0.15,-1.06,0.26,29.05,-7.51,13.98,0.0
-0.09,-1.0,0.27,-1.83,-0.18,7.2,0.0
-0.05,-0.93,0.26,-19.65,-1.46,3.48,0.0
-0.02,-0.89,0.3,-8.73,-4.27,1.53,0.0
-0.02,-0.96,0.32,13.18,-5.43,5.31,0.0
-0.03,-1.0,0.29,25.09,-8.48,10.44,0.0
-0.06,-1.04,0.27,26.43,-16.66,20.87,0.0
-0.05,-1.07,0.27,20.57,-6.77,24.41,0.0
-0.03,-1.02,0.3,-1.04,-0.85,19.71,0.0
-0.01,-0.94,0.29,-8.91,1.4,13.92,0.0
0.01,-0.91,0.23,-1.65,10.62,13.12,0.0
0.02,-0.95,0.22,9.83,15.5,13.43,0.0
0.02,-0.98,0.24,1.22,3.97,8.18,0.0
0.01,-0.98,0.25,-3.72,-3.72,7.63,0.0
-0.02,-0.96,0.23,-4.46,-9.77,9.09,0.0
-0.04,-0.97,0.23,-4.76,-8.3,7.32,0.0
-0.03,-1.0,0.25,-4.88,1.65,5.13,0.0
-0.03,-1.01,0.26,-7.32,6.1,3.66,0.0
-0.04,-0.96,0.25,-11.47,5.25,1.83,0.0
-0.03,-0.95,0.24,-12.63,7.02,0.24,0.0
-0.0,-0.98,0.24,-12.76,10.8,-2.2,0.0
0.01,-0.99,0.24,-10.86,11.78,-1.65,0.0
0.01,-0.99,0.21,-8.54,6.04,-1.59,0.0
0.0,-0.98,0.19,-8.36,6.1,-2.08,0.0
-0.01,-0.97,0.22,-9.83,1.1,-1.04,0.0
-0.0,-0.98,0.26,-5.0,-2.5,-0.61,0.0
0.0,-0.97,0.22,-3.97,5.0,-1.65,0.0
0.01,-0.97,0.22,-4.52,1.04,-2.62,0.0
0.01,-0.96,0.25,-4.09,0.43,-4.33,0.0
-0.01,-0.96,0.28,-3.11,3.78,-4.39,0.0
-0.03,-0.96,0.29,-0.61,8.73,-6.16,0.0
-0.03,-0.95,0.27,0.55,9.64,-8.12,0.0
-0.03,-0.96,0.28,-2.08,12.88,-10.25,0.0
-0.05,-0.99,0.31,-4.82,19.9,-14.89,0.0
-0.04,-1.0,0.3,-7.26,22.58,-15.87,0.0
-0.03,-0.96,0.29,-12.45,26.67,-18.01,0.0
-0.05,-0.94,0.3,-17.09,35.1,-22.4,0.0
-0.07,-0.95,0.34,-19.84,41.63,-27.1,0.0
-0.07,-0.95,0.36,-17.88,46.57,-29.72,0.0
-0.1,-1.01,0.3,-8.73,46.14,-28.63,0.0
-0.08,-1.06,0.27,8.3,46.81,-16.66,0.0
-0.06,-1.01,0.23,-5.0,58.04,-11.11,0.0
-0.08,-0.93,0.26,-29.97,62.68,-16.36,0.0
-0.06,-0.92,0.25,-23.56,59.81,-20.14,0.0
-0.06,-0.93,0.24,-10.68,46.14,-15.75,0.0
-0.1,-0.92,0.25,-8.42,35.58,-13.73,0.0
-0.13,-0.92,0.28,-4.58,23.44,-11.84,0.0
-0.14,-0.95,0.29,1.28,22.22,-10.86,0.0
-0.13,-0.98,0.28,6.84,24.54,-9.89,0.0
-0.14,-0.96,0.29,2.62,25.94,-9.09,0.0
-0.15,-0.93,0.3,-4.33,23.07,-10.01,0.0
-0.15,-0.92,0.3,-3.17,20.69,-11.47,0.0
-0.15,-0.93,0.31,-1.04,16.36,-12.27,0.0
-0.14,-0.95,0.3,4.33,11.96,-11.05,0.0
-0.13,-0.95,0.3,3.11,9.46,-8.67,0.0
-0.13,-0.94,0.29,0.12,6.84,-7.45,0.0
-0.15,-0.91,0.32,-0.73,4.39,-6.1,0.0
-0.15,-0.93,0.33,3.91,4.09,-7.2,0.0
-0.15,-0.94,0.34,5.31,2.08,-5.8,0.0
-0.16,-0.92,0.34,3.78,1.89,-5.62,0.0
-0.17,-0.91,0.34,2.44,1.53,-6.65,0.0
-0.15,-0.93,0.34,4.7,1.04,-7.26,0.0
-0.28,-0.94,-0.02,-10.74,1.95,-2.44,0.0
-0.27,-0.95,-0.01,-6.65,2.56,-3.78,0.0
-0.25,-0.97,0.01,0.43,4.21,-1.71,0.0
-0.22,-1.0,-0.01,5.98,3.91,1.89,0.0
-0.21,-0.99,-0.01,0.06,-0.73,3.48,0.0
-0.22,-0.98,-0.02,-7.2,-5.0,2.38,0.0
-0.24,-0.95,-0.01,-12.63,-10.93,0.0,0.0
-0.24,-0.95,-0.01,-9.58,-13.98,0.55,0.0
-0.24,-0.97,0.01,-2.32,-18.49,1.53,0.0
-0.23,-1.02,0.02,3.11,-16.05,5.25,0.0
-0.2,-1.0,-0.03,5.62,-14.95,12.57,0.0
-0.18,-0.99,-0.05,6.47,-18.13,10.8,0.0
-0.18,-1.01,0.0,-12.51,-22.52,3.36,0.0
-0.2,-1.0,0.01,-21.3,-22.58,4.58,0.0
-0.2,-0.99,-0.01,-14.1,-22.16,10.5,0.0
-0.2,-0.95,-0.03,-6.71,-25.39,15.62,0.0
-0.18,-0.97,-0.07,-19.53,-36.01,7.26,0.0
-0.16,-0.92,-0.13,-5.62,-41.69,6.47,0.0
-0.16,-0.95,-0.09,19.29,-45.59,7.14,0.0
-0.15,-1.03,-0.03,11.35,-41.32,15.2,0.0
-0.16,-1.03,-0.03,5.98,-36.07,18.55,0.0
-0.18,-1.02,0.06,-5.31,-24.84,16.3,0.0
-0.16,-0.96,-0.09,-16.48,-17.88,12.88,0.0
-0.11,-0.96,-0.15,-4.7,-29.72,10.38,0.0
-0.07,-1.0,-0.12,20.81,-39.18,10.93,0.0
-0.09,-1.04,-0.1,14.65,-38.88,8.85,0.0
-0.12,-0.99,-0.05,-4.52,-54.32,10.44,0.0
-0.12,-0.96,-0.08,-2.75,-54.38,6.53,0.0
-0.16,-0.99,-0.03,-21.24,-48.77,-3.05,0.0
-0.25,-1.0,0.19,-28.56,-36.8,2.5,0.0
-0.23,-1.0,0.12,-26.31,-19.47,5.86,0.0
-0.09,-1.01,-0.08,-4.64,-7.57,5.49,0.0
-0.05,-0.94,-0.09,-6.41,-6.04,3.36,0.0
-0.12,-0.96,0.1,-17.94,-5.86,-5.0,0.0
-0.1,-1.02,0.13,-9.03,0.73,-8.0,0.0
0.03,-1.1,-0.05,11.17,8.67,-2.62,0.0
0.09,-1.08,-0.08,32.84,5.68,3.72,0.0
0.07,-1.02,-0.02,-4.27,20.39,12.33,0.0
0.07,-0.98,-0.07,-10.99,22.71,13.06,0.0
0.09,-0.94,-0.08,0.67,7.2,14.28,0.0
0.03,-0.89,-0.07,-15.81,7.75,10.5,0.0
-0.15,-0.99,-0.08,-22.95,21.3,4.76,0.0
-0.29,-1.13,0.09,14.34,16.66,8.85,0.0
-0.26,-1.16,0.09,18.07,23.5,11.6,0.0
-0.17,-0.95,-0.08,-16.85,33.87,12.7,0.0
-0.23,-0.85,-0.06,-108.03,39.98,-6.53,0.0
-0.44,-0.97,0.28,-78.31,52.12,-1.34,0.0
-0.44,-1.15,0.31,-20.51,52.49,14.65,0.0
-0.34,-1.07,0.06,46.57,34.91,27.16,0.0
-0.27,-1.15,-0.1,-2.14,17.03,-1.59,0.0
-0.34,-1.03,0.27,-82.34,5.92,-24.9,0.0
-0.23,-0.84,0.22,-119.51,41.56,-20.26,0.0
-0.18,-0.72,0.23,-98.14,53.1,-5.49,0.0
-0.11,-0.76,0.31,-47.55,51.45,-9.7,0.0
-0.04,-0.8,0.18,-15.81,51.57,-9.46,0.0
-0.02,-0.86,0.18,-2.62,52.0,-6.96,0.0
-0.03,-0.9,0.26,-0.37,55.05,-4.58,0.0
-0.09,-0.95,0.32,-4.94,67.63,2.01,0.0
-0.13,-1.08,0.35,24.41,59.63,2.14,0.0
-0.03,-1.16,0.3,49.56,43.82,4.88,0.0
-0.07,-1.0,0.22,-25.94,32.23,7.51,0.0
-0.23,-0.9,0.32,-51.09,9.83,-12.51,0.0
-0.3,-0.98,0.37,-2.81,2.56,-20.26,0.0
-0.26,-1.13,0.32,28.99,-8.54,-23.86,0.0
-0.21,-1.13,0.27,15.99,-15.87,-27.47,0.0
-0.18,-1.08,0.28,-6.9,-12.57,-25.27,0.0
-0.17,-0.94,0.25,-1.04,2.75,-13.67,0.0
-0.17,-0.78,0.28,20.02,12.33,-0.43,0.0
-0.12,-0.77,0.31,35.22,6.47,3.11,0.0
-0.11,-0.72,0.2,45.35,-5.31,3.42,0.0
-0.05,-0.76,0.04,86.73,-25.09,-5.8,0.0
-0.11,-0.91,0.01,62.07,-28.44,-8.36,0.0
-0.21,-0.98,0.11,17.82,-35.46,-4.76,0.0
-0.38,-1.02,0.32,-17.7,-29.05,0.18,0.0
-0.41,-1.01,0.31,-18.86,-14.47,-1.83,0.0
-0.38,-1.01,0.26,-0.79,-12.51,-0.55,0.0
-0.24,-1.06,0.22,11.6,-19.1,9.58,0.0
-0.26,-1.02,0.17,12.94,-27.47,-1.95,0.0
-0.35,-0.86,0.21,-16.05,-33.39,-21.48,0.0
-0.39,-0.79,0.23,-4.21,-16.54,-36.01,0.0
-0.22,-1.09,0.23,31.74,-2.5,-7.2,0.0
-0.02,-1.21,0.11,50.54,25.02,19.84,0.0
0.09,-1.18,0.12,30.03,36.19,18.55,0.0
-0.02,-0.98,0.23,-71.29,-1.28,-17.33,0.0
-0.09,-0.8,0.31,-117.8,-70.98,-38.64,0.0
-0.09,-0.86,0.22,-31.8,-64.45,-26.98,0.0
-0.1,-1.04,0.2,29.54,-41.38,7.87,0.0
-0.14,-1.12,0.25,60.24,-24.17,23.44,0.0
-0.01,-1.12,0.1,47.79,14.71,19.17,0.0
0.05,-1.11,0.03,11.11,18.8,7.14,0.0
0.06,-1.02,0.13,-44.07,-11.41,7.39,0.0
0.03,-0.95,0.32,-45.59,-6.9,14.1,0.0
0.04,-0.96,0.32,-8.67,9.7,30.64,0.0
0.06,-0.97,0.21,15.81,2.87,38.09,0.0
0.03,-0.99,0.22,22.83,-14.71,40.28,0.0
0.02,-1.01,0.22,27.65,-16.72,35.83,0.0
-0.03,-0.97,0.21,13.0,-20.87,28.26,0.0
-0.06,-0.97,0.21,-2.44,-23.01,19.23,0.0
-0.12,-0.94,0.24,0.67,-21.0,15.14,0.0
-0.14,-0.9,0.19,15.32,-21.3,10.44,0.0
-0.1,-0.93,0.04,41.08,-16.91,0.06,0.0
-0.06,-0.94,-0.06,47.3,-13.31,-8.85,0.0
-0.03,-0.93,-0.09,29.97,-20.51,-14.83,0.0
-0.04,-1.04,-0.15,15.87,-11.23,-20.08,0.0
-0.08,-1.06,-0.02,-42.24,-18.55,-20.45,0.0
-0.13,-0.84,0.28,-129.33,-21.55,-19.47,0.0
-0.26,-0.8,0.45,-152.59,-2.01,-25.39,0.0
-0.26,-0.93,0.51,-71.9,8.91,-10.07,0.0
-0.21,-1.26,0.42,68.85,3.17,23.74,0.0
-0.11,-1.37,0.25,112.43,-10.56,48.65,0.0
-0.07,-1.32,0.05,71.17,-29.48,25.94,0.0
-0.1,-1.05,0.05,-52.06,-77.7,1.59,0.0
-0.11,-0.94,0.07,-64.09,-88.75,4.94,0.0
-0.16,-0.79,0.01,-19.47,-101.62,14.16,0.0
-0.18,-0.71,0.13,-1.28,-120.85,19.96,0.0
-0.16,-0.78,-0.14,5.19,-99.3,7.45,0.0
-0.18,-0.8,-0.25,-5.86,-76.54,8.61,0.0
-0.25,-1.0,0.06,13.92,-65.92,11.84,0.0
-0.39,-1.08,0.09,2.81,-55.05,10.19,0.0
-0.27,-1.08,0.01,56.95,-52.12,13.55,0.0
-0.11,-1.12,-0.06,80.26,-55.73,17.09,0.0
-0.0,-1.1,-0.13,42.85,-61.71,9.4,0.0
0.02,-0.94,-0.03,-40.65,-69.27,0.98,0.0
0.01,-0.87,0.05,-61.16,-74.95,-2.32,0.0
-0.02,-0.82,0.1,-43.33,-78.86,5.07,0.0
-0.07,-0.91,0.19,-9.03,-69.82,12.51,0.0
-0.11,-1.04,0.29,27.16,-60.73,17.27,0.0
-0.12,-1.15,0.29,50.9,-48.46,19.1,0.0
-0.07,-1.15,0.19,54.93,-38.09,21.73,0.0
0.01,-1.1,0.14,22.46,-34.06,17.64,0.0
0.02,-1.01,0.12,-35.89,-41.63,9.89,0.0
0.02,-0.89,0.15,-38.21,-54.99,11.11,0.0
0.05,-0.84,0.02,-21.61,-49.01,1.71,0.0
-0.07,-0.92,0.11,-15.38,-59.14,-4.7,0.0
-0.14,-1.03,0.17,-26.31,-48.4,-1.4,0.0
-0.08,-1.08,0.13,-20.75,-31.19,11.96,0.0
-0.02,-1.09,0.11,-11.6,-31.31,14.83,0.0
-0.04,-1.03,0.08,-15.81,-31.43,17.4,0.0
-0.05,-1.01,0.05,0.24,-30.52,16.91,0.0
-0.03,-1.03,0.13,-11.17,-31.62,13.18,0.0
-0.01,-1.01,0.21,-26.55,-33.51,11.35,0.0
-0.01,-0.92,0.22,-35.52,-33.69,10.07,0.0
-0.01,-0.88,0.22,-23.56,-22.34,7.08,0.0
0.0,-0.9,0.23,-15.38,-10.56,9.16,0.0
0.0,-0.93,0.28,-14.53,-3.78,7.69,0.0
0.02,-0.96,0.3,-10.8,-5.0,7.26,0.0
0.04,-1.0,0.29,1.59,-10.8,13.79,0.0
0.1,-0.99,0.23,0.61,-10.44,24.05,0.0
0.16,-0.97,0.19,-23.56,-10.93,21.61,0.0
0.07,-0.92,0.25,-40.83,-26.18,7.02,0.0
0.02,-1.0,0.26,-15.69,-29.05,2.81,0.0
0.01,-1.02,0.32,-12.88,-23.01,6.53,0.0
0.02,-1.06,0.28,-21.55,-8.67,1.04,0.0
0.05,-1.23,0.14,17.94,-0.98,5.74,0.0
0.08,-1.25,-0.0,55.42,-2.69,29.66,0.0
0.1,-1.16,-0.14,33.02,-17.46,26.86,0.0
-0.11,-0.9,0.07,-59.57,-56.03,-12.82,0.0
-0.34,-0.74,0.31,-81.97,-40.95,-28.69,0.0
-0.31,-1.01,0.36,-2.93,-9.83,-13.0,0.0
-0.13,-1.08,0.17,36.74,17.27,8.24,0.0
0.04,-1.05,0.09,21.91,29.17,15.81,0.0
0.02,-0.91,0.12,-33.69,16.91,-2.93,0.0
-0.03,-0.82,0.17,-60.06,-6.04,-13.73,0.0
-0.09,-0.84,0.29,-33.02,-18.68,-15.99,0.0
-0.1,-0.9,0.29,18.55,-14.71,-4.82,0.0
-0.17,-0.89,0.32,7.32,-0.73,-4.15,0.0
-0.15,-0.88,0.34,-8.24,26.86,-6.59,0.0
-0.13,-0.9,0.33,-17.33,51.64,-7.63,0.0
-0.17,-0.88,0.29,-20.69,61.1,-2.26,0.0
-0.12,-0.89,0.29,5.49,67.5,3.17,0.0
-0.09,-0.97,0.32,9.16,69.58,-2.56,0.0
-0.15,-1.02,0.33,-11.35,80.75,-8.36,0.0
-0.05,-1.28,0.28,66.96,63.11,-5.0,0.0
-0.0,-1.13,0.02,77.27,54.75,5.31,0.0
-0.07,-1.1,0.0,-11.9,40.1,-20.39,0.0
-0.14,-1.06,0.17,-35.71,24.23,-23.32,0.0
-0.12,-1.03,0.18,-9.16,24.6,-17.21,0.0
0.02,-0.8,-0.05,5.0,35.89,-15.87,0.0
0.09,-0.87,-0.06,17.76,41.93,-37.17,0.0
0.03,-0.93,0.18,-12.21,58.47,-26.67,0.0
-0.03,-1.02,0.41,-3.48,68.73,-10.68,0.0
-0.07,-1.15,0.22,51.76,90.58,-1.65,0.0
0.0,-1.15,0.1,72.08,84.35,8.61,0.0
0.1,-1.15,-0.02,40.71,84.59,3.54,0.0
0.05,-1.01,0.02,-17.46,71.66,0.92,0.0
0.02,-0.92,0.13,-28.93,68.12,-2.99,0.0
0.04,-0.91,0.16,-13.85,71.35,-3.42,0.0
0.04,-0.93,0.12,8.48,79.96,-0.73,0.0
0.03,-0.97,0.09,18.13,85.94,-0.18,0.0
-0.02,-0.95,0.1,6.04,84.47,-0.31,0.0
-0.01,-0.98,0.05,-1.77,87.52,-5.92,0.0
0.05,-1.0,0.0,4.03,92.04,-10.74,0.0
0.09,-1.0,-0.02,5.31,93.75,-10.38,0.0
0.13,-1.0,0.01,-17.03,89.9,-9.34,0.0
0.11,-0.91,0.22,-58.23,78.67,-11.9,0.0
0.03,-0.86,0.18,-55.36,81.48,-24.48,0.0
-0.03,-0.92,0.06,-13.73,63.6,-29.48,0.0
-0.13,-1.06,0.19,41.2,63.05,-16.6,0.0
-0.08,-1.12,0.13,43.52,83.44,-6.29,0.0
-0.06,-1.01,0.23,-40.04,94.67,-8.79,0.0
-0.02,-1.08,0.31,-37.35,83.25,-27.95,0.0
-0.01,-1.11,0.26,-26.79,63.11,-29.24,0.0
0.02,-1.03,0.25,-25.94,57.56,-24.05,0.0
0.01,-0.98,0.21,-33.08,44.74,-24.17,0.0
-0.09,-0.87,0.22,-34.0,23.5,-30.64,0.0
-0.12,-0.9,0.28,-28.08,17.4,-35.1,0.0
-0.05,-0.94,0.37,-21.12,22.46,-36.56,0.0
-0.02,-0.98,0.34,-12.02,46.87,-34.61,0.0
-0.06,-0.94,0.31,-8.67,60.61,-30.27,0.0
-0.1,-0.94,0.32,-10.13,53.89,-31.37,0.0
-0.11,-0.91,0.31,-16.11,35.03,-28.26,0.0
-0.15,-0.89,0.31,-12.88,10.5,-22.09,0.0
-0.18,-0.9,0.35,-4.58,8.36,-23.13,0.0
-0.2,-0.88,0.32,0.37,9.89,-22.09,0.0
-0.2,-0.89,0.32,7.75,14.59,-22.83,0.0
-0.2,-0.93,0.37,4.09,26.37,-23.68,0.0
-0.2,-0.88,0.33,0.24,30.76,-19.9,0.0
-0.18,-0.9,0.32,3.36,31.49,-19.59,0.0
-0.22,-0.92,0.36,4.15,18.68,-15.99,0.0
-0.29,-0.9,0.39,7.69,7.02,-14.4,0.0
-0.3,-0.96,0.33,13.37,1.71,-18.8,0.0
-0.19,-1.14,0.25,26.0,-17.82,-23.62,0.0
-0.09,-1.13,0.26,30.52,-22.71,-1.04,0.0
-0.12,-0.95,0.32,-30.52,-15.26,-18.13,0.0
-0.16,-0.83,0.34,-77.33,-14.53,-39.79,0.0
-0.16,-0.78,0.26,-27.47,-22.16,-38.39,0.0
-0.15,-0.97,0.29,31.56,-27.16,-27.1,0.0
-0.12,-1.07,0.34,85.88,-22.83,7.69,0.0
-0.05,-1.06,0.21,72.88,-5.37,15.69,0.0
0.02,-1.08,0.14,56.76,38.02,11.47,0.0
0.0,-1.02,0.17,36.87,53.83,5.98,0.0
0.01,-0.93,0.2,18.07,25.21,9.46,0.0
0.03,-0.98,0.09,37.96,17.21,7.63,0.0
-0.01,-0.98,0.11,45.84,3.54,9.46,0.0
-0.06,-0.95,0.14,32.9,-3.97,8.36,0.0
-0.08,-0.96,0.13,20.81,-2.26,4.09,0.0
-0.1,-0.98,0.16,12.45,-0.85,-3.23,0.0
-0.1,-0.97,0.13,11.84,2.08,-6.29,0.0
-0.07,-0.96,0.1,9.46,4.27,-6.1,0.0
-0.05,-1.03,0.11,10.13,3.11,-5.68,0.0
-0.07,-1.04,0.11,11.96,5.43,-3.23,0.0
-0.1,-1.02,0.09,1.77,5.0,-3.36,0.0
-0.12,-1.0,0.1,-15.87,-0.24,-2.44,0.0
-0.11,-0.99,0.11,-12.27,-2.26,-0.31,0.0
-0.09,-1.0,0.08,0.0,6.29,0.12,0.0
-0.08,-1.0,0.06,1.65,7.63,0.0,0.0
-0.09,-0.99,0.07,-5.13,5.55,1.46,0.0
-0.09,-1.02,0.11,-1.34,1.04,1.04,0.0
-0.11,-1.01,0.1,3.54,2.69,2.5,0.0
-0.12,-0.99,0.1,-3.85,-1.65,1.77,0.0
-0.15,-0.99,0.14,-8.12,-4.21,0.37,0.0
-0.14,-0.99,0.15,-9.64,-0.24,-0.12,0.0
-0.04,-1.01,0.08,10.13,0.06,10.13,0.0
-0.02,-1.02,0.08,6.9,-1.46,6.23,0.0
-0.0,-0.99,0.08,-3.48,-0.43,2.38,0.0
-0.06,-0.91,0.1,-23.99,-1.1,-3.91,0.0
-0.1,-0.91,0.16,-33.45,1.65,-12.94,0.0
-0.12,-0.92,0.03,-23.38,3.54,-13.85,0.0
-0.07,-1.06,0.18,-4.7,9.22,-7.57,0.0
-0.05,-1.1,0.31,12.76,33.14,11.9,0.0
-0.09,-0.99,0.32,-1.16,51.15,15.01,0.0
-0.06,-1.03,0.32,-14.53,27.34,-0.67,0.0
-0.07,-1.06,0.31,-8.91,-10.8,2.93,0.0
-0.14,-1.08,0.27,1.77,-47.18,8.48,0.0
-0.2,-1.06,0.3,11.41,-68.66,12.21,0.0
-0.24,-1.03,0.26,-23.8,-54.08,11.05,0.0
-0.25,-0.99,0.19,-49.99,-47.79,-4.52,0.0
-0.2,-0.92,0.25,-48.03,-42.18,-5.98,0.0
-0.13,-0.88,0.21,-34.97,-16.3,-1.04,0.0
-0.15,-0.82,0.21,-25.09,-27.77,-4.88,0.0
-0.17,-0.81,0.18,-3.91,-49.8,1.4,0.0
-0.19,-0.87,0.16,10.86,-54.75,2.38,0.0
-0.26,-0.9,0.12,21.79,-59.69,10.93,0.0
-0.28,-0.97,0.11,31.8,-56.82,17.21,0.0
-0.27,-1.03,0.09,30.88,-58.53,12.08,0.0
-0.3,-1.02,0.11,-0.79,-66.28,1.16,0.0
-0.26,-1.05,0.13,1.83,-57.8,0.73,0.0
-0.18,-1.07,0.1,23.32,-43.46,6.1,0.0
-0.07,-1.09,0.03,28.63,-45.53,15.2,0.0
0.02,-1.0,0.01,17.58,-61.46,24.54,0.0
0.17,-0.98,-0.08,34.61,-83.5,23.19,0.0
0.11,-1.04,0.06,14.77,-90.94,21.12,0.0
0.05,-1.1,0.14,1.1,-80.51,19.47,0.0
-0.01,-1.13,0.16,-10.38,-94.97,27.89,0.0
-0.05,-1.05,0.2,-24.78,-102.36,34.42,0.0
-0.02,-0.95,0.21,-18.98,-93.81,36.93,0.0
0.15,-1.06,0.14,16.6,-70.25,34.3,0.0
0.19,-1.04,0.11,-24.96,-55.6,37.84,0.0
0.1,-0.94,0.14,-46.39,-53.65,33.51,0.0
-0.1,-0.84,0.19,-26.49,-77.03,23.07,0.0
-0.13,-0.85,0.21,7.51,-82.34,14.83,0.0
-0.1,-0.94,0.23,13.92,-84.11,9.58,0.0
-0.12,-0.99,0.23,9.83,-78.98,4.33,0.0
-0.04,-1.07,0.18,9.4,-51.03,3.11,0.0
0.11,-1.07,0.17,0.92,-22.34,5.8,0.0
0.16,-1.09,0.13,-5.07,-10.93,9.7,0.0
0.14,-1.07,0.1,-21.48,-18.49,10.62,0.0
0.17,-1.01,0.1,-36.56,-38.15,9.34,0.0
0.05,-0.88,0.15,-34.85,-59.27,10.56,0.0
0.01,-0.9,0.13,-1.1,-61.89,12.02,0.0
0.02,-0.95,0.13,16.66,-48.03,13.06,0.0
0.06,-0.96,0.07,24.54,-40.22,12.39,0.0
0.05,-0.97,-0.0,4.7,-37.72,5.25,0.0
0.03,-0.95,-0.0,-16.17,-35.4,-2.01,0.0
-0.08,-0.8,0.09,-57.56,-33.33,-3.05,0.0
-0.16,-0.82,0.17,-55.24,-41.63,-0.55,0.0
-0.2,-1.03,0.2,20.39,-41.63,2.75,0.0
-0.15,-1.02,0.12,60.91,-53.47,5.92,0.0
-0.06,-0.93,-0.0,77.82,-77.45,6.04,0.0
0.05,-0.84,-0.08,28.32,-82.4,-10.19,0.0
0.07,-0.6,0.07,-52.19,-79.83,-22.22,0.0
-0.02,-0.45,0.1,-85.94,-54.2,-19.1,0.0
-0.25,-0.57,0.17,5.55,-34.18,-16.91,0.0
-0.28,-0.77,0.39,74.83,-38.7,-11.11,0.0
-0.05,-1.17,0.39,94.3,-49.26,-13.43,0.0
0.04,-1.13,0.11,70.86,-30.52,-6.16,0.0
-0.02,-1.1,-0.02,53.04,-1.22,-11.23,0.0
-0.1,-1.04,0.09,0.92,-9.28,-5.25,0.0
-0.17,-1.07,0.14,-17.46,-30.03,-12.08,0.0
-0.2,-1.14,0.12,0.79,-22.95,-15.44,0.0
-0.18,-1.28,0.1,3.85,-13.98,-7.69,0.0
-0.16,-1.34,0.1,10.13,-5.07,-2.99,0.0
-0.16,-1.41,0.12,-2.44,2.32,-0.61,0.0
-0.11,-1.43,0.08,-15.75,11.23,-1.04,0.0
-0.11,-1.44,0.07,-23.99,6.65,-5.31,0.0
-0.14,-1.4,0.06,-26.06,-0.85,-2.99,0.0
-0.16,-1.34,0.07,-14.65,-1.77,0.49,0.0
-0.17,-1.31,0.08,-2.56,-8.42,0.12,0.0
-0.17,-1.29,0.1,8.73,-10.86,-2.62,0.0
-0.15,-1.26,0.12,5.25,-7.26,0.55,0.0
-0.13,-1.2,0.12,-0.49,-7.87,5.98,0.0
-0.1,-1.11,0.09,-5.37,-8.06,13.67,0.0
-0.07,-1.04,0.09,-13.98,-8.12,14.1,0.0
-0.09,-0.86,0.04,-29.36,-14.04,9.46,0.0
-0.08,-0.84,0.0,-12.27,-14.65,5.8,0.0
-0.06,-0.83,-0.01,-11.23,-14.59,3.72,0.0
-0.1,-0.71,0.01,-24.05,-12.15,-1.1,0.0
-0.15,-0.62,0.02,-31.86,-8.54,-4.64,0.0
-0.17,-0.55,0.1,-55.11,-5.07,-10.44,0.0
-0.17,-0.59,0.12,-55.18,-7.51,-14.59,0.0
-0.14,-0.73,0.09,-1.46,-1.77,-11.11,0.0
-0.11,-0.86,0.1,18.31,-5.07,-9.34,0.0
-0.14,-0.92,0.13,20.94,1.83,-8.06,0.0
-0.18,-0.94,0.16,12.51,11.47,-9.64,0.0
-0.15,-0.97,0.19,24.05,0.73,-10.44,0.0
-0.12,-0.98,0.16,27.95,-1.28,-8.79,0.0
-0.11,-0.98,0.18,16.48,2.38,-4.82,0.0
-0.11,-0.94,0.24,-8.85,0.31,2.56,0.0
-0.05,-0.89,0.26,4.39,-7.69,5.07,0.0
-0.06,-0.91,0.27,25.45,-9.58,8.42,0.0
-0.1,-1.0,0.32,30.4,-5.86,18.68,0.0
-0.19,-1.05,0.19,18.86,6.77,19.96,0.0
-0.23,-1.0,0.2,-8.12,12.27,17.15,0.0
-0.24,-0.95,0.33,-67.08,22.46,22.03,0.0
-0.17,-0.92,0.03,-44.01,44.01,24.17,0.0
-0.11,-1.02,-0.04,102.23,23.25,18.62,0.0
-0.08,-1.27,-0.08,167.85,28.5,17.58,0.0
0.0,-1.46,-0.14,88.56,19.1,12.33,0.0
-0.05,-1.03,-0.15,-58.84,4.7,22.58,0.0
0.02,-0.84,-0.17,7.81,2.62,15.38,0.0
0.01,-0.73,-0.33,89.6,2.81,6.53,0.0
-0.04,-0.7,-0.35,18.01,12.82,8.18,0.0
-0.19,-0.84,-0.08,-17.4,-1.65,10.44,0.0
-0.21,-1.01,-0.01,20.26,1.1,15.2,0.0
-0.04,-1.27,-0.0,77.09,17.94,26.79,0.0
0.1,-1.22,-0.21,49.44,57.74,26.55,0.0
0.12,-1.0,-0.32,-8.85,61.4,23.68,0.0
0.08,-0.9,-0.21,-46.57,53.53,23.07,0.0
0.03,-0.81,-0.05,-59.75,49.19,26.55,0.0
0.01,-0.85,0.03,-43.95,57.07,16.6,0.0
-0.01,-0.92,-0.01,4.58,75.26,3.05,0.0
-0.06,-0.98,-0.11,16.54,89.36,2.69,0.0
0.03,-1.11,-0.19,-9.52,110.29,-4.64,0.0
0.12,-1.04,-0.2,-49.19,123.23,4.88,0.0
0.06,-0.91,-0.13,-86.79,136.72,16.17,0.0
-0.11,-1.06,-0.06,-20.75,122.5,-11.6,0.0
-0.02,-1.19,-0.14,9.09,124.08,-5.55,0.0
-0.05,-1.1,-0.15,-54.93,130.98,-1.4,0.0
-0.09,-0.94,0.03,-70.74,129.82,5.74,0.0
-0.06,-1.0,0.12,-63.78,153.5,6.84,0.0
-0.1,-0.97,0.14,-68.42,162.41,5.62,0.0
-0.1,-0.91,0.14,-29.85,120.0,-5.8,0.0
-0.05,-0.99,0.1,-13.49,122.01,-4.52,0.0
-0.03,-0.99,0.11,-21.85,119.38,0.24,0.0
-0.05,-1.0,0.13,-44.25,123.41,-6.53,0.0
-0.08,-0.97,0.14,-50.78,116.94,-9.7,0.0
-0.04,-0.97,0.13,-46.57,107.18,-10.44,0.0
0.02,-0.98,0.15,-28.44,98.08,-9.4,0.0
0.1,-1.09,0.13,-11.17,95.4,-8.48,0.0
0.09,-1.11,0.2,-2.2,82.46,-4.7,0.0
0.08,-1.08,0.23,-8.85,59.88,0.92,0.0
0.1,-1.06,0.15,-4.88,48.89,-6.29,0.0
0.09,-1.01,0.15,-13.49,29.6,-16.85,0.0
0.04,-0.96,0.2,-20.57,11.96,-20.87,0.0
0.01,-0.92,0.23,-20.26,-11.84,-19.29,0.0
-0.02,-0.9,0.24,-13.06,-19.29,-17.03,0.0
-0.03,-0.92,0.27,-0.85,-15.01,-16.36,0.0
-0.05,-0.93,0.27,5.8,-11.96,-13.12,0.0
-0.08,-0.93,0.27,4.52,-15.01,-7.08,0.0
-0.12,-0.89,0.27,-3.54,-11.66,-5.25,0.0
-0.13,-0.89,0.29,2.69,-14.65,-3.17,0.0
-0.13,-0.91,0.29,13.24,-18.74,-3.6,0.0
-0.13,-0.97,0.25,30.33,-28.75,-7.81,0.0
-0.15,-1.07,0.26,44.56,-23.07,-9.83,0.0
-0.19,-1.02,0.3,27.89,-13.55,0.98,0.0
-0.17,-1.01,0.26,21.48,-17.27,-6.29,0.0
0.02,-1.13,0.14,36.5,-21.36,-11.17,0.0
0.11,-1.16,0.13,63.35,-12.08,-6.23,0.0
0.04,-1.0,0.12,7.69,-6.77,-6.47,0.0
-0.01,-0.89,0.13,-33.33,-29.48,-15.32,0.0
-0.03,-0.89,0.14,-6.04,-50.42,-25.45,0.0
0.02,-0.91,0.15,42.85,-52.92,-24.35,0.0
0.1,-1.0,0.11,67.32,-53.16,-20.51,0.0
0.12,-1.06,0.01,84.05,-41.08,-11.72,0.0
0.17,-1.18,-0.14,96.44,-27.22,0.0,0.0
0.2,-1.23,-0.19,73.0,0.67,24.11,0.0
0.12,-1.11,0.03,11.9,-19.17,22.03,0.0
0.06,-0.98,0.07,-33.63,-34.85,15.99,0.0
0.1,-0.91,-0.01,-16.05,-34.61,5.62,0.0
0.13,-0.88,-0.03,0.06,-23.01,4.82,0.0
0.18,-0.93,-0.06,19.29,-17.15,1.28,0.0
0.14,-0.95,-0.03,11.41,-19.53,3.66,0.0
0.06,-0.93,-0.02,-4.39,-25.63,10.01,0.0
0.03,-0.96,-0.02,14.47,-41.32,2.81,0.0
0.03,-0.96,-0.05,15.08,-44.19,-2.69,0.0
0.02,-0.99,-0.07,9.03,-42.6,-10.62,0.0
-0.0,-1.02,-0.03,-2.69,-44.62,-16.78,0.0
-0.0,-1.03,0.01,-12.94,-44.07,-17.4,0.0
-0.02,-1.02,-0.02,-19.1,-37.11,-16.91,0.0
-0.04,-1.01,-0.09,-15.62,-25.94,-18.74,0.0
-0.08,-1.04,-0.02,-34.61,-20.26,-2.69,0.0
-0.05,-1.11,0.11,-40.59,-25.7,12.02,0.0
0.06,-1.16,0.01,-18.25,-7.93,12.57,0.0
0.12,-1.08,-0.08,-22.16,-0.61,19.53,0.0
0.11,-1.0,-0.01,-44.13,-0.12,26.31,0.0
0.09,-0.97,0.03,-52.12,-8.24,26.55,0.0
0.08,-0.95,0.08,-40.83,-23.86,27.65,0.0
0.09,-0.97,0.14,-22.03,-31.31,28.5,0.0
0.1,-0.99,0.11,-5.92,-22.28,23.86,0.0
0.05,-1.01,0.11,-4.46,-18.98,18.92,0.0
0.03,-1.01,0.16,-11.96,-14.59,14.59,0.0
0.09,-1.05,0.11,-3.54,-7.39,11.66,0.0
0.18,-1.07,-0.01,12.7,0.92,11.66,0.0
0.18,-1.01,-0.03,24.78,-2.56,10.13,0.0
0.12,-1.03,0.04,33.69,-8.85,15.26,0.0
0.14,-1.1,0.12,55.73,-4.09,42.18,0.0
0.2,-1.05,0.13,40.59,30.09,70.92,0.0
0.2,-1.06,-0.0,71.17,49.44,79.71,0.0
0.15,-0.9,-0.01,75.13,50.66,81.24,0.0
0.16,-0.9,-0.1,60.97,49.07,49.8,0.0
0.26,-0.94,-0.1,37.35,31.31,33.39,0.0
0.31,-0.95,-0.16,-16.11,37.11,31.92,0.0
0.27,-0.86,-0.04,-33.94,26.55,38.94,0.0
0.29,-0.81,0.03,-53.22,32.41,41.87,0.0
0.35,-0.85,-0.04,-28.99,56.7,25.76,0.0
0.4,-0.94,-0.12,-15.81,57.86,19.47,0.0
0.44,-0.95,-0.13,-34.06,52.55,27.77,0.0
0.4,-0.95,-0.1,-51.33,52.25,21.67,0.0
0.35,-1.05,-0.03,-50.48,51.76,14.1,0.0
0.37,-1.04,-0.08,-18.25,58.23,23.07,0.0
0.35,-0.98,-0.1,-53.47,63.72,12.7,0.0
0.31,-0.8,-0.02,-106.57,60.97,15.38,0.0
0.31,-0.74,0.11,-144.41,55.48,13.61,0.0
0.4,-0.85,0.09,-126.83,65.0,7.81,0.0
0.41,-0.93,0.06,-106.75,53.71,5.55,0.0
0.26,-0.91,0.3,-88.87,25.94,0.98,0.0
0.13,-0.98,0.44,-26.37,22.58,-8.0,0.0
0.14,-1.11,0.44,6.41,31.56,-6.35,0.0
0.33,-1.12,0.29,-8.91,39.06,-1.77,0.0
0.4,-1.02,0.22,-37.29,37.6,5.43,0.0
0.4,-0.85,0.2,-47.61,17.82,3.3,0.0
0.32,-0.79,0.26,-34.48,8.73,-5.68,0.0
0.22,-0.8,0.4,-2.5,1.1,-8.67,0.0
0.24,-0.85,0.39,0.49,3.72,-4.09,0.0
0.3,-0.86,0.25,-11.17,6.71,-0.12,0.0
0.29,-0.82,0.18,-25.7,10.99,1.83,0.0
0.29,-0.84,0.2,-13.31,22.16,-1.95,0.0
0.31,-0.92,0.3,-10.31,24.48,-2.62,0.0
0.33,-0.95,0.27,-16.42,22.95,-0.67,0.0
0.36,-0.97,0.24,-12.94,16.3,-0.24,0.0
0.41,-1.0,0.23,-9.03,15.44,-2.2,0.0
0.43,-0.99,0.25,-12.33,9.83,-7.45,0.0
0.42,-1.01,0.33,-4.94,-3.66,-21.73,0.0
0.33,-0.97,0.29,2.75,-5.0,-22.71,0.0
0.28,-0.9,0.25,-10.68,-19.23,-28.5,0.0
0.21,-0.82,0.21,-25.7,-33.63,-39.37,0.0
0.1,-0.79,0.24,-16.3,-33.39,-45.96,0.0
0.06,-0.85,0.31,21.12,-24.11,-46.57,0.0
0.07,-0.88,0.39,24.41,-16.11,-45.29,0.0
0.1,-0.92,0.5,53.96,-4.27,-53.1,0.0
0.14,-1.04,0.43,84.35,9.58,-58.17,0.0
0.15,-1.06,0.25,47.24,41.2,-35.77,0.0
0.15,-1.08,0.11,44.86,30.52,-25.94,0.0
0.0,-0.98,0.17,22.58,-7.45,-28.14,0.0
-0.09,-0.98,0.32,26.55,-13.18,-20.87,0.0
-0.07,-1.06,0.21,29.24,-3.17,-20.87,0.0
-0.03,-1.04,0.19,21.48,-14.95,-14.77,0.0
-0.05,-1.02,0.21,15.93,-16.36,-7.87,0.0
-0.04,-1.03,0.17,16.42,-5.68,-19.96,0.0
0.11,-1.09,0.06,16.66,-15.01,-26.43,0.0
0.05,-0.97,0.11,8.67,-27.59,-22.28,0.0
-0.07,-0.88,0.19,-13.85,-37.84,-32.78,0.0
-0.1,-0.89,0.17,2.14,-34.0,-44.62,0.0
-0.02,-0.92,0.04,25.88,-32.71,-43.82,0.0
0.06,-0.99,-0.03,36.32,-37.17,-45.35,0.0
0.12,-1.13,0.03,28.69,-46.02,-45.96,0.0
0.16,-1.12,0.03,27.22,-37.35,-15.69,0.0
0.2,-1.07,0.03,26.67,-29.72,-6.47,0.0
0.14,-0.96,-0.03,15.87,-26.55,1.46,0.0
0.12,-0.97,0.04,18.98,-33.63,-1.65,0.0
0.15,-1.01,0.03,24.41,-26.25,-0.67,0.0
0.14,-1.01,-0.03,27.4,-15.62,1.95,0.0
0.07,-1.04,-0.01,20.87,-15.38,-0.06,0.0
0.08,-1.03,-0.01,5.62,-14.16,-3.78,0.0
0.07,-0.98,-0.06,-8.67,-9.4,-7.08,0.0
0.06,-1.0,-0.05,-13.92,-11.11,-12.57,0.0
0.03,-1.04,-0.04,-4.09,-12.57,-11.96,0.0
0.01,-1.04,-0.06,-2.99,-10.56,-9.28,0.0
-0.0,-0.99,-0.05,-13.31,-13.49,-7.2,0.0
0.0,-0.94,0.42,-5.55,-6.65,-4.09,0.0
0.01,-0.95,0.42,-9.95,-8.42,-5.43,0.0
0.0,-0.91,0.37,-11.41,-5.86,-3.17,0.0
-0.0,-0.89,0.37,-7.51,-5.55,-2.87,0.0
-0.01,-0.89,0.4,-1.71,-6.77,-4.03,0.0
0.02,-0.92,0.43,0.37,-6.84,-3.11,0.0
0.05,-0.93,0.38,2.26,-7.81,0.67,0.0
0.04,-0.94,0.33,-0.73,-10.44,2.14,0.0
0.04,-0.96,0.31,9.34,-8.42,3.72,0.0
0.01,-0.97,0.39,20.94,-13.73,6.35,0.0
-0.03,-0.95,0.41,10.8,-19.29,14.95,0.0
-0.03,-0.97,0.28,5.0,-15.56,16.97,0.0
-0.08,-0.97,0.22,22.77,-19.47,17.94,0.0
-0.21,-0.8,0.37,38.02,-39.0,24.29,0.0
-0.23,-0.85,0.46,29.54,-49.62,13.85,0.0
-0.12,-0.99,0.24,49.74,-39.18,7.51,0.0
-0.13,-0.97,0.21,49.44,-36.56,15.26,0.0
-0.15,-0.93,0.29,41.69,-39.55,23.62,0.0
-0.16,-0.91,0.33,27.34,-36.87,24.72,0.0
-0.13,-0.92,0.29,11.29,-34.06,23.07,0.0
-0.0,-1.06,0.14,46.94,-42.54,22.58,0.0
0.06,-1.12,0.02,87.1,-49.13,34.97,0.0
0.06,-1.03,0.03,45.04,-52.55,34.67,0.0
-0.03,-0.96,0.11,6.16,-49.62,19.35,0.0
-0.1,-0.98,0.37,-35.52,-58.78,4.82,0.0
-0.0,-1.0,0.26,-6.23,-48.65,13.55,0.0
0.07,-1.02,0.16,29.24,-23.32,23.86,0.0
0.08,-0.94,0.03,25.45,-19.71,19.71,0.0
0.03,-0.91,0.01,-6.96,-35.71,3.23,0.0
-0.02,-0.9,0.39,-69.09,-55.91,-6.96,0.0
0.0,-0.95,0.58,-55.3,-29.11,-7.2,0.0
0.11,-1.03,0.3,28.75,16.97,5.62,0.0
0.17,-1.05,0.28,38.7,21.61,10.74,0.0
0.25,-1.03,0.04,45.59,21.61,5.8,0.0
0.25,-0.97,-0.12,33.2,-8.73,-4.64,0.0
0.11,-0.83,-0.19,13.92,-27.77,-11.35,0.0
0.0,-0.78,-0.02,-28.14,-49.74,-27.34,0.0
-0.05,-0.76,0.03,-39.43,-50.42,-25.94,0.0
-0.11,-0.74,0.02,-20.26,-35.77,-14.89,0.0
-0.22,-0.78,0.14,-12.57,-30.7,-12.39,0.0
-0.21,-0.93,0.27,-1.34,-22.52,-13.31,0.0
-0.03,-1.2,0.22,58.35,-11.17,4.15,0.0
0.02,-1.16,0.07,87.77,23.25,30.88,0.0
0.03,-1.03,-0.03,70.13,32.84,29.24,0.0
0.02,-0.95,0.06,13.79,1.89,6.59,0.0
-0.04,-0.83,0.1,-36.19,-34.61,-11.05,0.0
-0.1,-0.86,0.19,-35.34,-46.75,-16.11,0.0
-0.11,-0.94,0.18,2.38,-44.19,-9.52,0.0
-0.02,-1.06,0.11,46.08,-41.2,-1.4,0.0
-0.03,-1.06,0.14,55.05,-39.73,1.65,0.0
-0.07,-0.97,0.15,34.61,-30.64,2.01,0.0
-0.03,-1.09,0.15,16.05,-7.2,-1.77,0.0
-0.04,-1.04,0.13,-5.31,-10.38,-2.01,0.0
-0.06,-0.96,0.09,-24.35,-17.58,0.73,0.0
-0.08,-0.89,0.1,-34.3,-19.29,-0.43,0.0
-0.08,-0.9,0.14,-46.26,-20.69,1.16,0.0
-0.04,-0.89,0.14,-37.72,-9.28,4.21,0.0
-0.02,-0.94,0.12,-1.59,8.61,11.9,0.0
0.04,-1.05,0.12,1.28,15.69,9.77,0.0
0.03,-1.05,0.13,-43.7,-0.18,-2.93,0.0
-0.03,-0.86,0.15,-60.12,-3.66,-4.39,0.0
-0.04,-0.81,0.12,-64.03,7.02,2.14,0.0
-0.0,-0.89,0.17,-43.15,17.76,11.66,0.0
0.01,-0.91,0.26,-30.33,11.11,6.84,0.0
0.0,-0.95,0.27,-27.04,6.47,1.89,0.0
-0.01,-1.0,0.25,-9.58,13.37,3.42,0.0
-0.01,-1.09,0.27,-1.34,11.6,4.27,0.0
-0.02,-1.14,0.28,-23.99,-0.31,-5.0,0.0
-0.03,-1.14,0.32,-19.17,-3.17,-5.43,0.0
-0.02,-1.16,0.34,-12.57,-6.84,-1.16,0.0
-0.06,-1.14,0.24,-22.52,-14.59,0.24,0.0
-0.1,-1.13,0.25,-32.35,-12.33,5.37,0.0
-0.14,-0.99,0.34,-42.54,-1.65,6.23,0.0
-0.09,-0.94,0.39,-40.16,7.63,10.99,0.0
-0.03,-0.95,0.39,-33.63,16.24,14.22,0.0
0.04,-1.06,0.41,-37.05,17.03,12.82,0.0
0.08,-1.11,0.36,-37.48,13.98,13.31,0.0
0.04,-1.07,0.4,-26.86,9.16,15.08,0.0
0.02,-1.03,0.46,-21.67,9.83,24.41,0.0
0.06,-1.04,0.45,-21.61,9.7,27.89,0.0
0.09,-0.97,0.39,-25.33,6.47,25.76,0.0
0.09,-0.94,0.37,-12.7,-8.48,20.75,0.0
0.07,-1.01,0.45,-14.34,-21.48,16.48,0.0
0.01,-0.94,0.44,-29.17,-22.89,14.34,0.0
-0.01,-0.87,0.44,-37.84,-22.58,11.23,0.0
0.02,-0.81,0.48,-39.73,-16.72,11.35,0.0
0.07,-0.84,0.53,-42.24,-17.27,13.12,0.0
0.1,-0.83,0.54,-52.86,-27.95,10.93,0.0
0.12,-0.81,0.51,-52.92,-50.17,2.44,0.0
0.11,-0.9,0.54,-33.51,-37.96,-7.69,0.0
0.04,-0.85,0.62,-42.48,-27.77,-6.16,0.0
0.01,-0.81,0.61,-39.43,-21.06,-5.74,0.0
-0.0,-0.83,0.62,-28.2,-24.54,-7.14,0.0
0.01,-0.8,0.56,-17.27,-28.81,-14.77,0.0
0.0,-0.77,0.57,-13.85,-19.04,-18.55,0.0
-0.02,-0.74,0.59,-8.0,-10.5,-10.5,0.0
0.03,-0.8,0.58,9.52,-1.77,-2.93,0.0
-0.01,-0.85,0.6,2.2,-1.04,1.71,0.0
-0.05,-0.78,0.59,-15.5,-5.86,4.64,0.0
-0.03,-0.79,0.56,8.12,3.3,5.07,0.0
-0.03,-0.87,0.6,18.19,6.9,1.65,0.0
-0.06,-0.86,0.61,9.77,3.17,-2.08,0.0
-0.04,-0.83,0.58,-7.45,0.49,-2.69,0.0
-0.01,-0.83,0.56,-5.68,2.99,-3.05,0.0
0.01,-0.84,0.57,-2.44,1.4,-5.19,0.0
-0.02,-0.81,0.61,-12.33,-3.85,-4.33,0.0
-0.03,-0.81,0.59,-13.67,-5.86,-4.15,0.0
-0.05,-0.79,0.56,-4.94,-0.12,-2.99,0.0
-0.06,-0.81,0.6,-1.77,2.44,-4.09,0.0
-0.05,-0.83,0.59,-3.36,2.2,-6.1,0.0
-0.05,-0.79,0.57,-7.26,3.23,-5.19,0.0
-0.04,-0.79,0.59,0.37,6.1,-4.94,0.0
-0.02,-0.82,0.58,5.49,6.16,-3.54,0.0
-0.01,-0.83,0.57,3.05,3.42,-0.24,0.0
-0.03,-0.82,0.57,0.31,1.83,-0.92,0.0
-0.03,-0.82,0.57,3.36,4.33,0.06,0.0
-0.02,-0.84,0.58,4.27,6.47,1.1,0.0
-0.02,-0.83,0.59,-0.31,4.76,0.12,0.0
-0.02,-0.81,0.58,-2.5,4.21,-0.18,0.0
-0.0,-0.83,0.59,0.85,7.14,0.55,0.0
0.01,-0.83,0.6,-0.98,5.98,-0.49,0.0
0.0,-0.81,0.59,-3.85,3.05,-2.01,0.0
-0.01,-0.8,0.59,-2.56,3.05,-1.46,0.0
0.0,-0.82,0.59,0.43,3.91,-0.49,0.0
-0.0,-0.81,0.6,-3.17,3.6,-1.28,0.0
-0.0,-0.79,0.59,-7.02,2.93,-2.32,0.0
-0.0,-0.77,0.66,-4.09,0.24,1.22,0.0
0.01,-0.75,0.66,-4.7,0.37,1.22,0.0
0.0,-0.74,0.67,-3.36,0.55,0.92,0.0
0.01,-0.75,0.67,-1.65,1.28,0.06,0.0
-0.01,-0.75,0.66,-0.49,-0.18,0.31,0.0
-0.01,-0.76,0.66,1.95,-0.18,1.04,0.0
-0.01,-0.77,0.67,1.83,0.37,-0.12,0.0
-0.01,-0.76,0.67,0.31,-0.06,-3.11,0.0
0.02,-0.75,0.65,2.38,0.31,-4.82,0.0
0.03,-0.76,0.66,6.41,1.59,-1.65,0.0
0.02,-0.78,0.67,7.26,0.61,-0.61,0.0
0.01,-0.76,0.64,5.07,-1.53,0.67,0.0
0.01,-0.76,0.6,6.47,-2.38,2.5,0.0
-0.02,-0.77,0.61,10.01,-3.3,4.39,0.0
-0.03,-0.8,0.59,12.39,-2.81,3.36,0.0
-0.04,-0.8,0.58,9.89,-1.16,2.26,0.0
-0.02,-0.79,0.63,13.85,7.26,7.02,0.0
0.01,-0.78,0.65,15.08,8.54,9.09,0.0
-0.0,-0.78,0.69,13.49,3.11,6.65,0.0
0.0,-0.8,0.69,10.86,0.73,4.52,0.0
0.02,-0.8,0.66,7.75,0.0,1.65,0.0
0.02,-0.8,0.65,7.2,0.37,0.79,0.0
0.04,-0.82,0.56,4.7,-2.5,-1.46,0.0
0.03,-0.79,0.56,3.05,-6.16,-1.59,0.0
0.02,-0.78,0.56,1.4,-3.23,0.49,0.0
0.05,-0.82,0.52,1.28,-4.33,2.01,0.0
0.01,-0.83,0.57,2.62,-8.36,3.11,0.0
-0.01,-0.82,0.61,-2.99,-2.5,3.6,0.0
0.02,-0.81,0.61,-3.23,3.91,2.2,0.0
0.02,-0.76,0.65,-1.04,4.88,-0.67,0.0
-0.02,-0.79,0.68,1.71,8.85,-1.16,0.0
-0.02,-0.8,0.58,9.77,-0.24,3.97,0.0
-0.06,-0.89,0.59,14.1,1.22,-5.07,0.0
-0.1,-0.82,0.55,5.43,4.15,-9.64,0.0
0.01,-0.85,0.66,20.63,3.17,-16.72,0.0
0.01,-0.84,0.65,30.09,-6.16,-12.33,0.0
-0.03,-0.91,0.7,36.44,-8.48,-10.8,0.0
-0.04,-0.94,0.69,44.19,-8.48,-8.79,0.0
-0.0,-0.94,0.62,41.02,-10.74,-13.24,0.0
0.0,-0.94,0.54,45.1,-11.72,-14.16,0.0
-0.03,-0.95,0.5,54.14,-5.74,-8.06,0.0
-0.03,-1.02,0.53,65.55,0.49,3.48,0.0
0.01,-1.02,0.45,60.49,1.71,8.67,0.0
0.02,-0.98,0.35,42.24,3.85,3.6,0.0
-0.02,-0.91,0.31,39.18,3.3,-8.3,0.0
-0.06,-0.88,0.34,48.89,6.65,-13.12,0.0
-0.08,-0.95,0.37,57.56,11.29,-17.33,0.0
-0.04,-0.91,0.35,30.03,9.28,-11.9,0.0
-0.04,-0.89,0.25,31.74,16.72,-12.7,0.0
-0.04,-0.89,0.25,32.29,19.84,-7.75,0.0
0.02,-1.0,0.24,26.0,15.81,-2.01,0.0
0.0,-0.97,0.23,1.65,-0.31,-4.88,0.0
-0.03,-0.95,0.24,-1.34,-8.12,-5.31,0.0
-0.05,-0.99,0.24,1.28,-6.96,-5.43,0.0
-0.03,-1.02,0.24,4.58,-7.51,-0.31,0.0
-0.02,-0.97,0.2,-2.2,-12.51,1.65,0.0
-0.04,-0.96,0.21,-0.73,-7.39,-5.74,0.0
-0.06,-1.0,0.29,13.85,1.65,-5.13,0.0
-0.02,-1.02,0.25,17.21,2.75,2.2,0.0
-0.03,-0.98,0.22,5.31,-0.92,2.56,0.0
-0.06,-0.98,0.24,4.76,-0.79,-0.18,0.0
-0.06,-1.03,0.29,11.17,0.79,1.83,0.0
-0.04,-1.01,0.27,14.89,1.89,5.43,0.0
-0.05,-0.99,0.23,14.65,7.32,7.2,0.0
-0.05,-1.0,0.25,13.24,6.16,2.62,0.0
-0.05,-1.04,0.28,19.9,5.19,0.06,0.0
-0.04,-1.02,0.23,16.05,5.37,0.55,0.0
-0.05,-1.0,0.2,12.27,2.81,-3.3,0.0
-0.06,-1.02,0.2,14.47,2.75,-5.98,0.0
-0.08,-0.97,0.21,13.49,7.81,-6.96,0.0
-0.1,-0.93,0.2,21.3,13.73,-5.8,0.0
-0.06,-0.95,0.14,39.92,25.45,-0.79,0.0
-0.05,-1.05,0.21,31.92,30.27,-1.53,0.0
-0.07,-1.01,0.22,7.63,19.78,-2.69,0.0
-0.07,-1.0,0.22,2.99,11.47,-4.82,0.0
-0.07,-1.01,0.18,0.31,10.38,-5.86,0.0
-0.06,-1.04,0.18,-5.49,11.11,-5.13,0.0
-0.06,-1.03,0.2,-16.05,12.39,-6.47,0.0
-0.06,-0.97,0.22,-33.08,9.52,-5.74,0.0
-0.06,-0.94,0.21,-23.07,8.42,-4.58,0.0
-0.06,-0.92,0.18,-3.91,9.58,-3.6,0.0
-0.08,-0.94,0.19,1.22,11.23,-3.3,0.0
-0.09,-0.94,0.19,11.17,16.66,3.72,0.0
-0.05,-0.99,0.17,14.59,17.58,4.21,0.0
-0.06,-0.98,0.2,-7.69,5.8,1.22,0.0
-0.06,-0.9,0.18,-13.31,-2.01,1.59,0.0
-0.03,-0.92,0.19,0.79,-2.01,0.0,0.0
-0.02,-0.98,0.19,12.51,2.2,-0.67,0.0
-0.01,-1.0,0.16,21.97,-4.03,0.18,0.0
-0.07,-0.91,0.15,40.22,-4.33,4.58,0.0
-0.06,-0.95,0.18,49.62,0.31,3.36,0.0
-0.01,-1.07,0.11,24.84,2.14,-2.38,0.0
-0.02,-1.06,0.07,6.71,4.58,-1.28,0.0
-0.07,-0.93,0.13,-0.55,1.83,6.47,0.0
-0.07,-0.89,0.16,6.41,2.5,7.75,0.0
-0.02,-0.92,0.11,22.58,14.34,7.57,0.0
0.02,-1.05,0.07,11.66,16.91,7.26,0.0
0.03,-0.97,0.08,-5.43,6.96,10.19,0.0
0.02,-0.89,0.07,-10.8,3.3,12.7,0.0
0.01,-0.88,0.03,-14.65,11.41,9.83,0.0
0.0,-0.95,0.05,-10.74,13.79,6.1,0.0
0.02,-0.97,0.07,-1.71,11.41,4.52,0.0
0.02,-0.94,0.03,-6.41,11.11,5.49,0.0
0.01,-0.92,-0.01,-4.58,13.18,6.1,0.0
0.05,-1.02,0.02,1.1,13.37,9.89,0.0
0.01,-0.99,0.12,-11.29,6.35,9.58,0.0
-0.02,-0.95,0.17,-27.53,-3.48,8.61,0.0
-0.01,-1.01,0.12,-20.63,3.48,3.85,0.0
0.0,-1.02,0.11,-12.63,6.53,5.49,0.0
0.03,-1.04,0.1,-11.84,10.38,5.98,0.0
0.04,-1.01,0.14,-21.55,5.31,5.13,0.0
0.05,-0.96,0.11,-24.54,3.23,0.18,0.0
0.04,-0.93,0.08,-5.86,6.71,-0.73,0.0
0.04,-0.94,0.12,5.98,4.94,-0.12,0.0
0.05,-0.99,0.14,4.21,5.55,-0.18,0.0
0.05,-0.99,0.11,6.84,6.29,1.65,0.0
0.01,-0.97,0.12,9.64,5.8,2.38,0.0
-0.0,-1.0,0.16,17.7,5.98,2.14,0.0
-0.0,-1.04,0.15,18.55,7.93,1.22,0.0
-0.01,-1.01,0.14,6.77,6.04,0.0,0.0
-0.02,-0.98,0.13,2.69,6.47,-0.85,0.0
0.0,-0.99,0.13,4.94,8.06,-0.12,0.0
0.0,-0.98,0.13,4.39,5.68,-0.31,0.0
0.02,-1.02,0.12,5.31,3.66,-1.71,0.0
0.04,-1.01,0.1,7.08,6.71,-1.53,0.0
0.05,-1.0,0.11,-1.1,3.85,-3.42,0.0
0.06,-0.97,0.11,-5.62,2.14,-4.7,0.0
0.05,-0.98,0.13,-2.14,0.79,-1.34,0.0
0.02,-1.0,0.17,0.06,2.99,1.04,0.0
-0.03,-0.99,0.27,-3.23,5.49,4.76,0.0
0.01,-1.07,0.22,12.88,8.48,6.04,0.0
0.07,-1.07,0.1,17.03,7.63,9.95,0.0
0.06,-1.01,0.08,-7.63,-0.85,4.82,0.0
0.02,-0.92,0.1,-23.56,-10.56,-1.53,0.0
0.02,-0.92,0.11,-11.23,-7.69,-3.11,0.0
0.01,-0.96,0.1,10.19,0.67,1.28,0.0
0.06,-0.99,0.09,14.83,-0.31,3.48,0.0
0.11,-0.99,0.06,4.39,-7.63,4.88,0.0
0.13,-1.0,0.05,4.64,-4.52,6.1,0.0
0.13,-0.99,0.13,10.38,-6.65,5.13,0.0
0.13,-0.99,0.27,13.12,-18.01,1.1,0.0
0.18,-0.99,0.33,-2.56,-29.6,-9.09,0.0
0.33,-1.08,0.16,-20.39,-15.32,-13.43,0.0
0.37,-1.11,0.08,-23.56,11.84,-1.4,0.0
0.21,-0.85,0.25,-25.39,11.05,1.4,0.0
0.08,-0.76,0.27,-49.93,-2.2,-11.41,0.0
0.1,-0.88,0.06,-27.4,12.02,-7.26,0.0
0.16,-1.04,-0.16,-32.23,9.03,-1.95,0.0
0.05,-1.25,0.2,-74.52,-10.68,-12.57,0.0
-0.1,-1.0,0.41,-27.22,-26.92,12.51,0.0
-0.19,-0.87,0.29,-11.29,11.05,5.37,0.0
-0.14,-1.03,0.14,3.72,32.29,4.64,0.0
-0.18,-1.14,0.26,1.71,29.91,11.47,0.0
-0.27,-1.02,0.38,-17.27,8.61,16.66,0.0
-0.23,-0.97,0.32,-29.97,-2.5,11.35,0.0
-0.09,-1.02,0.26,-20.69,15.62,-10.13,0.0
-0.03,-1.01,0.23,-18.43,43.82,-17.03,0.0
-0.05,-0.83,0.3,-9.89,31.62,-21.36,0.0
-0.07,-0.82,0.35,-3.72,23.01,-20.94,0.0
-0.08,-0.86,0.33,4.46,26.49,-15.99,0.0
-0.08,-0.91,0.36,11.96,31.56,-8.18,0.0
-0.07,-0.94,0.36,16.24,29.05,-3.6,0.0
0.01,-0.99,0.29,15.56,28.5,-3.23,0.0
0.05,-1.02,0.28,17.21,32.71,-3.23,0.0
0.08,-1.06,0.28,12.88,21.18,-2.5,0.0
0.01,-1.0,0.31,2.14,11.66,0.18,0.0
-0.06,-0.95,0.35,-6.9,2.26,-1.59,0.0
-0.07,-0.96,0.33,-5.74,-3.78,-2.26,0.0
-0.1,-0.96,0.36,-12.15,-14.4,-3.72,0.0
-0.08,-0.93,0.3,-18.43,-22.64,-5.07,0.0
-0.1,-0.91,0.29,-17.64,-20.94,-6.84,0.0
-0.12,-0.89,0.29,-3.42,-7.39,-9.03,0.0
-0.09,-0.92,0.3,7.39,2.44,-5.68,0.0
-0.04,-0.97,0.27,21.42,12.57,-0.61,0.0
-0.06,-0.97,0.28,17.94,15.99,4.58,0.0
-0.07,-0.97,0.34,8.61,5.13,3.23,0.0
-0.12,-0.93,0.33,-9.28,-18.07,3.72,0.0
-0.12,-0.93,0.29,-7.93,-17.82,3.78,0.0
-0.12,-0.95,0.25,7.93,-12.57,-0.61,0.0
-0.15,-0.98,0.21,10.86,-1.1,0.61,0.0
-0.15,-0.99,0.24,18.19,-2.01,-1.28,0.0
-0.05,-1.1,0.16,23.86,-3.05,-9.89,0.0
0.02,-1.11,0.07,25.82,-3.48,-3.85,0.0
0.03,-1.04,0.15,16.3,-11.23,-1.28,0.0
0.01,-0.99,0.28,-4.21,-20.2,-10.62,0.0
-0.01,-0.9,0.31,-26.73,-19.23,-18.07,0.0
0.03,-0.9,0.17,-18.19,-11.35,-13.61,0.0
0.07,-1.0,0.19,31.25,-13.12,13.31,0.0
0.14,-1.09,0.22,43.33,-9.83,22.34,0.0
0.17,-1.08,0.2,45.35,-3.6,23.62,0.0
0.19,-1.04,0.18,34.0,-2.69,18.55,0.0
0.18,-0.97,0.17,16.3,-7.14,3.78,0.0
0.17,-0.92,0.19,6.04,-13.61,3.36,0.0
0.16,-0.92,0.21,9.28,-19.59,3.78,0.0
0.17,-0.99,0.16,16.91,-10.38,6.23,0.0
0.17,-1.03,0.13,21.55,-8.48,11.47,0.0
0.15,-1.03,0.11,20.32,-9.22,12.63,0.0
0.13,-0.99,0.11,14.28,-10.07,9.46,0.0
0.11,-0.95,0.09,0.37,-10.5,1.34,0.0
0.1,-0.93,0.08,2.75,-7.81,-0.06,0.0
0.08,-0.91,0.08,10.19,-5.74,2.2,0.0
0.08,-0.94,0.08,19.41,-3.66,2.75,0.0
0.1,-0.98,0.06,18.68,-2.99,1.34,0.0
0.08,-0.97,0.06,9.4,-2.08,-2.14,0.0
0.04,-0.96,0.12,4.64,-3.97,-6.47,0.0
0.05,-0.98,0.18,8.18,-3.85,-6.29,0.0
0.06,-1.02,0.1,17.82,5.62,-3.72,0.0
0.05,-1.08,0.1,12.88,1.34,-6.29,0.0
0.01,-1.09,0.18,1.71,-5.86,-7.87,0.0
0.02,-1.08,0.18,-4.27,-5.92,-7.2,0.0
0.03,-1.06,0.16,-0.61,4.46,-1.46,0.0
0.04,-1.02,0.1,2.87,12.15,0.43,0.0
0.04,-1.0,0.11,-0.43,8.67,-0.73,0.0
0.04,-1.01,0.1,-3.36,3.54,-4.46,0.0
0.04,-1.01,0.09,1.46,9.83,-5.37,0.0
0.02,-0.98,0.11,-3.85,13.0,-6.04,0.0
-0.0,-0.96,0.12,-9.83,17.33,-7.39,0.0
-0.01,-0.96,0.1,-0.85,25.51,-6.35,0.0
0.01,-1.01,0.12,-1.53,33.63,-8.18,0.0
0.04,-1.03,0.12,-11.54,41.26,-11.9,0.0
0.03,-1.01,0.09,-14.34,41.32,-15.44,0.0
0.04,-1.03,0.11,-15.75,39.61,-16.17,0.0
0.06,-1.04,0.06,-9.64,45.47,-17.15,0.0
0.06,-1.01,0.05,-17.33,41.75,-20.26,0.0
0.05,-0.96,0.06,-8.54,38.94,-21.97,0.0
0.05,-0.97,0.08,-6.04,41.08,-24.66,0.0
0.05,-1.01,0.08,-6.84,42.91,-25.57,0.0
-0.01,-1.04,0.06,-5.07,39.0,-23.25,0.0
-0.07,-1.04,0.15,-1.34,30.46,-16.05,0.0
-0.09,-1.06,0.17,5.55,33.63,-12.7,0.0
-0.11,-1.0,0.16,2.56,41.02,-10.8,0.0
-0.11,-0.96,0.15,-10.44,47.49,-13.73,0.0
-0.1,-0.94,0.17,-12.88,44.74,-17.76,0.0
-0.06,-0.97,0.18,-5.8,41.75,-17.52,0.0
-0.05,-0.99,0.17,-1.65,40.77,-13.92,0.0
-0.09,-0.96,0.19,-1.22,34.85,-8.0,0.0
-0.1,-0.96,0.2,1.77,25.57,-8.0,0.0
-0.1,-0.98,0.21,-0.43,19.29,-9.64,0.0
-0.1,-0.99,0.18,-2.62,15.5,-9.83,0.0
-0.11,-0.99,0.18,-6.29,9.77,-6.53,0.0
